0	0	2.6	6.1	30	0	0
1	0.51	5.4	6	30	0.15833	0.067797
2	1.01	3.5	5.6	29.6	0.31667	0.13559
3	0	1.2	5.1	29.7	0.475	0.20339
4	0.03	5.3	5.1857	29.743	0.63333	0.27119
5	0	3.3	5.2714	29.786	0.79167	0.33898
6	0	4	5.3571	29.829	0.95	0.40678
7	0	4.7	5.4429	29.871	1.1083	0.47458
8	0	8.3	5.5286	29.914	1.2667	0.54237
9	0	6	5.6143	29.957	1.425	0.61017
10	0.07	7.3	5.7	30	1.5833	0.67797
11	0	7.0643	6.4	29.9	1.7417	0.74576
12	0.06	6.8286	6.7	30.1	1.9	0.81356
13	0.87	6.5929	7.3	29.7	2.0583	0.88136
14	0.01	6.3571	5.5	29.3	2.2167	0.94915
15	0	6.1214	3.3	29.8	2.375	1.0169
16	0.04	5.8857	3.6	30.1	2.5333	1.0847
17	0.55	5.65	4.8	29.8	2.6917	1.1525
18	0	5.4143	4.5	29	2.85	1.2203
19	0	5.1786	5.4	29.2	3.0083	1.2881
20	0	4.9429	6.2	29.3	3.1667	1.3559
21	0	4.7071	5.9	29.1	3.325	1.4237
22	0.67	4.4714	5.9	29.3	3.4833	1.4915
23	0	4.2357	5.8	29.1	3.6417	1.5593
24	0.06	4	5.7	29	3.8	1.6271
25	0	0.2	4.6	29.1	4.9	1.6949
26	0	0.5	3.9	29.5	4.1	1.7627
27	0	7	4.4	29.7	4.6	1.8305
28	0.04	6.9	5.6	30.3	4.2	1.8983
29	0.01	7.7	6.3	30.3	4.1	1.9661
30	0.11	4.5	6.3	30.3	4.5	2.0339
31	0	4	5.8	30.1	3.9	2.1017
32	0	6.3	5.9	30.3	2.6	2.1695
33	0.4	9.8	6.5	30.3	2.7	2.2373
34	0.47	7.2	6.6	30.2	3.8	2.3051
35	0.12	7.1	6.9	29.7	6.1	2.3729
36	0	3.2	5.9	29.5	7.4	2.4407
37	0	2.7	5.1	29.2	5.7	2.5085
38	0	0.4	5.3	29.9	4.2	2.5763
39	0	0.4	4.8	30.2	2.8	2.6441
40	0	0.4	4.3	30.3	2.6	2.7119
41	0.06	1	5.2	30.9	2.7	2.7797
42	0.01	1.4667	3.4	30.9	4.4	2.8475
43	0	1.9333	2.6	30.8	5.5	2.9153
44	0	2.4	3.1	30.8	4.5	2.9831
45	0	5.6	4.2	30.9	3.3	3.0508
46	0	6.8	5.4	30.9	2.1	3.1186
47	0.01	7.7	6.2	30.8	4.7	3.1864
48	0	6.325	5.2	30.5	4.2	3.2542
49	0	4.95	3.3	31.1	3.3	3.322
50	0	3.575	3.3	31.5	1.8	3.3898
51	0	2.2	3.9	31.6	1	3.4576
52	0	2.8	4.3	31.7	0.7	3.5254
53	0.01	4.5	5	31.7	0.7	3.5932
54	0	1.9	4.6	31.3	2.7	3.661
55	0	2.3	4.6	31.9	2.8	3.7288
56	0	1.95	3.9	32.1	3.4	3.7966
57	0	1.6	3.1	32	3.9	3.8644
58	0	1.25	2.7	32.1	3.4	3.9322
59	0	0.9	3	32	2.7	4
60	0.47	0	3.3	32	1.6	4.0678
61	0	0.2	3	31.9	1.9	4.1356
62	0	0.4	2.8	31.7	2	4.2034
63	0	3.3	3.2	31.7	1.1	4.2712
64	0	2.4	3.5	32	0.7	4.339
65	0	2.3	4	31.9	0.5	4.4068
66	0	2.6	4.1	31.6	0.3	4.4746
67	0	6.7	4.6	31.4	0.5	4.5424
68	0.01	11	5.6	31.1	0.7	4.6102
69	0	10.5	6.9	30.9	2.1	4.678
70	0.47	7.8	7	31.2	2.3	4.7458
71	0	8.5	7	31.1	1.6	4.8136
72	0.04	9.5	7.5	30.9	2.9	4.8814
73	0	5	6.5	30.8	8.4	4.9492
74	0	4.8	5.7	31.1	6.7	5.0169
75	0	3.3	6	31.4	2.5	5.0847
76	0	1.7	5.7	31.6	1.4	5.1525
77	0	2.1	5.2	31.9	1.3	5.2203
78	0	1.6	4.9	32.1	1.4	5.2881
79	0	0.9	4.7	32.3	1.2	5.3559
80	0	3.4	5.1	32.2	0.9	5.4237
81	0	5.7	5.5	32.1	0.9	5.4915
82	0	5.8	5.9	32.3	0.7	5.5593
83	0	4.8	5.9	32.2	0.7	5.6271
84	0.02	6.5	5.9	32	1.7	5.6949
85	0	8.9	6.3	31.8	3.6	5.7627
86	0	7.2	6.8	31.8	2.8	5.8305
87	0	7.2	7.4	31.7	3	5.8983
88	0	8.9	7.9	31.7	2.8	5.9661
89	0	9.6	8.3	31.7	3	6.0339
90	0.02	12	8.8	31.6	2.9	6.1017
91	0	12.6	9.5	31.5	2.4	6.1695
92	0.21	9	8.9	31.7	2.1	6.2373
93	0	8.5	9.1	31.4	2.7	6.3051
94	0.19	5.3	8.7	31.2	2.7	6.3729
95	0	7.7	8.4	31.1	1.5	6.4407
96	0.02	9.3	8.5	31.1	2.6	6.5085
97	0.7	6.9	8.4	30.8	2.4	6.5763
98	0	6.5	8	30.8	3.4	6.6441
99	0	8.3	8.7	30.7	3.8	6.7119
100	0	9.2	9.3	30.8	2.6	6.7797
101	0	10.5	9.9	30.9	4	6.8475
102	0	12.8	10.5	30.6	3.6	6.9153
103	0.21	11.3	9.8	30.9	3.1	6.9831
104	0	14.8	10.2	30.9	2.6	7.0508
105	0	14	10.7	30.9	3.5	7.1186
106	0	10.9	10.8	31	2.8	7.1864
107	0	13.4	11.3	31	2.4	7.2542
108	0	15.6	11.9	31	2.3	7.322
109	0	16.7	12.2	31.1	2.3	7.3898
110	0	10.2	12.4	31	2.9	7.4576
111	1.14	8	11.4	31.3	5.8	7.5254
112	2.06	11.3	10.8	30.4	8.5	7.5932
113	0.14	9.9	11	30	8.4	7.661
114	0	12.5	11.6	30.1	7.7	7.7288
115	0	8.7	11.6	30.3	6.8	7.7966
116	0	12.2	11.8	30.5	5.5	7.8644
117	0	11.2	12	30.6	3.8	7.9322
118	0	10.3	12.3	30.6	3.8	8
119	0	11.8	12.4	30.7	4	8.0678
120	0	13	12.5	30.7	4.3	8.1356
121	0	11.9	12.8	30.6	4.2	8.2034
122	0.1	13.4	13	30.6	3	8.2712
123	0	14.9	13.6	30.5	4.7	8.339
124	0	17.5	14.2	30.5	3.2	8.4068
125	0	16.4	14.8	30.4	3.3	8.4746
126	0	11.8	14.4	30.5	3.6	8.5424
127	0	13.2	14	30.5	3.5	8.6102
128	0	13.2	13.4	30.4	3.6	8.678
129	0.03	13.5	13.2	30.3	4.1	8.7458
130	0	12.7	13	30.4	4	8.8136
131	0.88	14.1	13.2	30.2	6	8.8814
132	0	14.2	13.9	30.1	7.4	8.9492
133	0	12.2	14.3	30.1	8.7	9.0169
134	0.49	12.2	13.7	30	6.8	9.0847
135	0.84	13.7	13.6	29.7	6.1	9.1525
136	0	14.3	13.6	29.8	5.3	9.2203
137	0	15.3	14.1	29.9	4.5	9.2881
138	0.78	13.4	14.3	29.8	4.2	9.3559
139	0	15.3	14	29.7	4.6	9.4237
140	0.06	14.3	13.6	29.7	7	9.4915
141	0	12.5	13	29.8	9.4	9.5593
142	0	13.1	12.5	30.1	6.9	9.6271
143	0	15	12.2	30.8	4	9.6949
144	0	15.3	13.1	31	3.8	9.7627
145	0.29	15.5	13.6	30.9	3.4	9.8305
146	0	21.1	14.5	30.5	4.4	9.8983
147	0	20	16	30.4	4.8	9.9661
148	0	18.3	17.2	30.2	4.4	10.034
149	0	20.1	17.4	30.5	3.3	10.102
150	0	17.6	18.7	30.2	2.8	10.169
151	0.29	19.1	19.1	30.1	2.9	10.237
152	0.99	19.7	19.2	30.1	2.1	10.305
153	0.97	17.7	19	29.5	2.3	10.373
154	0.02	16	18.2	29.3	2.2	10.441
155	0.08	17.4	17.9	29.4	2.2	10.508
156	0	17.9	17.8	29.6	2.2	10.576
157	0.93	15.5	17.6	29.4	2.2	10.644
158	0.07	16	16.9	29.2	4	10.712
159	0.19	17.9	17	29.4	4.5	10.78
160	0	16.6	17.3	29.2	6.8	10.847
161	0	16.8	16.4	29.5	9.5	10.915
162	0	16.8	16.2	29.8	5.8	10.983
163	0	20	17	30	4.2	11.051
164	0	18	17.5	30.1	3.7	11.119
165	0	21.5	17.6	30.1	3.4	11.186
166	0	22	18	30.1	3.5	11.254
167	0	20.7	17.7	30.2	4.1	11.322
168	0	20.5	17.6	30.3	3.8	11.39
169	0.05	20.4	18.1	30.3	3.6	11.458
170	0	22	18.4	30.2	3.8	11.525
171	0	21.2	17.5	30.4	3.2	11.593
172	0	20.9	18.4	30.3	3.5	11.661
173	0.25	21.6	17.9	30.3	3.2	11.729
174	1	19.7	17.4	30.1	3.1	11.797
175	0.49	20.6	17.6	29.6	3.3	11.864
176	0	21.7	19.2	29.4	3	11.932
177	0	22.8	20.6	29.3	3.2	12
178	0.55	21.5	21.6	29.1	3.2	12.068
179	0	21	22	29	3.5	12.136
180	0	22.4	21.3	29.2	3.7	12.203
181	0	21.7	20.7	29.4	4.6	12.271
182	0	21.48	20.753	29.422	4.8	12.339
183	0	21.26	20.805	29.444	4.7796	12.407
184	0	21.04	20.858	29.465	4.7593	12.475
185	0	20.82	20.911	29.487	4.7389	12.542
186	0	20.6	20.964	29.509	4.7185	12.61
187	0	21.2	21.016	29.531	4.6981	12.678
188	0	22.6	21.069	29.553	4.6778	12.746
189	0	22.6	21.122	29.575	4.6574	12.814
190	0	22.3	21.175	29.596	4.637	12.881
191	0	22.6	21.227	29.618	4.6167	12.949
192	0	22.2	21.28	29.64	4.5963	13.017
193	0	23.7	21.333	29.662	4.5759	13.085
194	0	22	21.385	29.684	4.5556	13.153
195	0	22.1	21.438	29.705	4.5352	13.22
196	0	27.2	21.491	29.727	4.5148	13.288
197	0	27.5	21.544	29.749	4.4944	13.356
198	0	27.1	21.596	29.771	4.4741	13.424
199	0	24.8	21.649	29.793	4.4537	13.492
200	0	23.4	21.702	29.815	4.4333	13.559
201	0	23.7	21.755	29.836	4.413	13.627
202	0	23.2	21.807	29.858	4.3926	13.695
203	0	22.5	21.86	29.88	4.3722	13.763
204	0	23.6	21.913	29.902	4.3519	13.831
205	0	23.5	21.965	29.924	4.3315	13.898
206	0	23.8	22.018	29.945	4.3111	13.966
207	0.05	24.7	22.071	29.967	4.2907	14.034
208	0.03	24.9	22.124	29.989	4.2704	14.102
209	0	26.5	22.176	30.011	4.25	14.169
210	0	27.4	22.229	30.033	4.2296	14.237
211	0	26	22.282	30.055	4.2093	14.305
212	0	28.5	22.335	30.076	4.1889	14.373
213	0	29.5	22.387	30.098	4.1685	14.441
214	0	29.1	22.44	30.12	4.1481	14.508
215	0	27.3	22.493	30.142	4.1278	14.576
216	0	26.3	22.545	30.164	4.1074	14.644
217	0	25	22.598	30.185	4.087	14.712
218	0	25.6	22.651	30.207	4.0667	14.78
219	0	25.9	22.704	30.229	4.0463	14.847
220	0	23.5	22.756	30.251	4.0259	14.915
221	0.49	24	22.809	30.273	4.0056	14.983
222	0	21.9	22.862	30.295	3.9852	15.051
223	0	21	22.915	30.316	3.9648	15.119
224	0	21.3	22.967	30.338	3.9444	15.186
225	0	23.1	23.02	30.36	3.9241	15.254
226	0	23.2	23.073	30.382	3.9037	15.322
227	0	23.3	23.125	30.404	3.8833	15.39
228	0	23.5	23.178	30.425	3.863	15.458
229	0	23.1	23.231	30.447	3.8426	15.525
230	0	23.7	23.284	30.469	3.8222	15.593
231	0.05	26	23.336	30.491	3.8019	15.661
232	0	24.3	23.389	30.513	3.7815	15.729
233	0	23.4	23.442	30.535	3.7611	15.797
234	0	24.8	23.495	30.556	3.7407	15.864
235	0	22.8	23.547	30.578	3.7204	15.932
236	0.04	22.2	23.6	30.6	3.7	16
237	0.66	20.1	22.7	30.6	3.8	10
238	0.37	21.1	22.317	30.55	3.85	9.5
239	0.77	22.5	21.933	30.5	3.9	9
240	0.19	19.7	21.55	30.45	3.95	8.5
241	0.03	19.5	21.167	30.4	4	8
242	0	18.9	20.783	30.35	4.05	7.5
243	0.12	18.4	20.4	30.3	4.1	7
244	1.36	18	19.1	30.3	8.1	7
245	0	20.7	19.1	28.9	8.7	8
246	0	20.1	20	29.5	11	7.4
247	0.22	18.4	20.1	30.2	12	7.6
248	0	19.5	20.2	30.5	10	6.3
249	0	20.8	20.7	30.8	9.3	6.1
250	0	21.4	21.1	31	7.7	6.9
251	0	21.9	21.4	31.1	7.5	7.8
252	0	19.5	21.3	31.2	6.4	7.9
253	0	16.9	20.6	31.1	4.5	8.1
254	0	16.2	20	31	4	7.6
255	0	18.2	19.9	30.8	4.4	7.7
256	0.59	19.3	19.8	30.6	4.1	7.6
257	0.89	19.2	19.8	30.3	3.4	6.5
258	0	20.6	20	29.8	3.7	6.3
259	0	20.9	20.7	29.7	4.4	7.2
260	0	21.3	21.2	29.8	5.6	9
261	0.42	21.6	21.4	29.9	4.8	8.9
262	0	18.8	21.2	29.8	4.4	7.8
263	0	16.3	20.5	30.2	7.5	9.2
264	0	17.6	19.8	30.5	5.4	7.5
265	0.28	20.4	19.7	30.4	4.8	6.8
266	0	21.7	20.1	30.4	5.6	6.7
267	0	19.6	20.1	30.6	6.7	5.2
268	0.01	18.1	19.7	30.8	6.4	4
269	0	18.6	19.6	31.1	4	3.8
270	0	20.6	19.9	31	2.9	5
271	0.04	16.7	20	30.6	3.2	5.4
272	0	16.3	19.2	30.6	3.4	4.6
273	0.16	18.1	18.8	30.7	3.4	3.6
274	0	16.6	18.5	30.5	3.7	3
275	0	18.9	18.8	30.6	4.7	3.2
276	0.61	20.1	19.4	30.8	5.3	3.1
277	0.22	15.7	19.2	30.7	6.8	3.1
278	0.02	13.7	17.9	31	6.2	3
279	0	14.1	16.8	31.1	6.9	2.6
280	0	15	17.1	31.1	5.9	2.6
281	0	17.7	17.8	31.1	4.8	2.7
282	0	18.4	18.3	31.1	3.2	2.7
283	1.54	16.4	18	31.2	2.3	2.4
284	0.02	17.6	18	30.4	2	2.1
285	0	10.3	17	30.3	2.8	2.1
286	0	11.9	15.8	30.3	2.6	2
287	0	10.8	15	30.4	2.2	1.8
288	0	12.2	14.7	30.4	2	1.8
289	0.85	14.8	15.1	30.4	2.3	1.6
290	0.01	18.5	15.7	30.1	2.8	1.5
291	0.04	17.1	16.6	30.1	2.7	1.7
292	0.3	15.2	16.8	29.9	4.2	1.8
293	0	11.1	14.9	29.7	7	1.825
294	0	12.9	14.7	30	3.4	1.85
295	0	11	14.5	30.1	2.9	1.875
296	0	8.6	13.5	30.7	2.6	1.9
297	0	9.4	12.7	31.3	2.9	1.925
298	0	8.2	12.1	31.6	2.8714	1.95
299	0.34	7.6	12	31.8	2.8429	1.975
300	1.09	13.8	13.1	31.3	2.8143	2
301	0	9.7	11.5	30.8	2.7857	2.025
302	0	11.8	11.1	29.8	2.7571	2.05
303	0.03	14.1	12.2	30.4	2.7286	2.075
304	0	15.5	13	30.4	2.7	2.1
305	0.11	10.1	13.2	30.4	2.6	2.2
306	0	6.3	12.3	30.8	2.5	2
307	0	5.3	11.8	31.1	2.5	1.9
308	0	7	11.7	31.2	2.2	2
309	0	9.6	11.6	31.3	2.1	2.2
310	0.08	12.3	12	31.4	1.7	2.4
311	1.51	14.2	12.8	31.1	2.1	3.3
312	0.01	15.9	13.3	30.6	7.9	3.6
313	0	13.6	13.5	30.6	6	3
314	0	13.7	13.4	30.7	4.4	2.9
315	0.35	15.1	13.6	30.7	3.5	2.8
316	0.07	15.7	13.9	30.6	4.5	2.9
317	0.13	13.8	14.2	30.3	5	2.8
318	0	15	14.2	30.3	5.9	3.1
319	0.28	16.6	14.5	30.5	6.4	3.5
320	0	14.7	14.7	30.5	7	3.4
321	0	9.3	13.9	30.3	7.5	3.3
322	0	8	13.1	30.4	5.9	3.1
323	0	5.7	12.1	30.5	5.2	2.7
324	0	5.1	11.3	30.6	4.2	2.4
325	0.01	7	10.5	30.9	5.1	3
326	1.4	7	9.8	30.7	7.7	3.8
327	0.04	9.6	9.7	30.2	10	4
328	0.01	7.4	9.9	30.5	11	4.2
329	0	9.1	10	30.3	7	3.7
330	0.01	10.9	10.3	30.3	5.7	3.8
331	0	10.5	10.8	30.6	5.7	3.9
332	0	11.7	11	30.6	5.7	3.7
333	0.01	13.3	11.6	30.5	5.2	3.9
334	0.12	14.8	12.2	30.6	6.5	4.1
335	0	7.7	11.6	30	15	4.2
336	0	5.7	10.4	29.9	9.9	3.4
337	0	3.9	9.9	30.1	6.8	2.9
338	0	1.5	8.9	30.6	4.8	2.4
339	0	6.4	8.8	30.9	5.7	2.2
340	0	8.4	9.1	31	5.6	2.2
341	0	4.55	6.9	30.9	8.2	2.3
342	0.01	0.7	5.8	31.1	5.4	1.9
343	0.01	7.8	6.2	31.1	3.2	1.6
344	0.01	8.7	6.5	30.9	2.1	1.6
345	0	7.5	8	31	1	1.7
346	0.14	10.9	8.8	31	0.8	2
347	0.01	9	8.9	30.8	0.9	2.1
348	0.01	8.9	9.2	30.8	0.8	2.1
349	0.02	7.9	8.9	30.6	1.1	2.1
350	0.01	9	8.8	30.7	1.1	2.2
351	0.01	10.8	9.1	30.7	1.2	2.6
352	0	5.8	8.9	30.7	1.3	2.4
353	0	4.7	8.4	30.9	1	2.3
354	0.01	7.3	8.1	30.9	1.9	2.1
355	0.44	6.3	8.2	31.1	1.1	2.5
356	0.7	11.8	8.8	30.7	1.1	2.9
357	0.01	8.9	8.9	30.4	2.2	2.9
358	0.37	6.5	8.5	30.5	2.2	2.8
359	0.12	9.7	8.8	30.3	2.7	2.7
360	0	5.8	8.3	30.1	3.2	2.5
361	0	6.4	7.6	30.3	4.5	2.6
362	0	6.3	7.9	30.5	3.5	2.6
363	0	5.7	7.5	30.5	2.5	2.5
364	0	4	7.2	30.5	1.6	2.7
365	0	10.6	8	30.6	2.5	2.9
366	0	7.4	8.2	30.3	5	2.8
367	0	7	7.7	30.3	4	2.8
368	0	8.8	7.8	30.4	2.9	2.6
369	0.04	10.8	8.7	30.5	2.5	2.7
370	0.08	14	9.8	30.5	2	2.5
371	0.15	9.1	10.1	30.5	3.6	2.4
372	1.93	9.7	10	30.3	4.5	2.3
373	0	4.7	8.6	30.1	6.8	2.3
374	0	1.5	7.3	30.1	4.1	2.1
375	0	1.1	6.7	30.7	4.9	1.8
376	0.01	7.5	6.7	30.8	3.1	1.6
377	0.07	10.1	7.5	30.5	3.1	1.6
378	0.09	7.3	8.8	30.9	2.6	1.8
379	0.02	7.4	8.5	30.8	1.9	1.9
380	0	4.7	8	30.6	4.4	2.4
381	0	2.7	5.8	30.9	5	2.4
382	0.13	0.7	5.4	31.1	2.2	2.6
383	0.02	3	6.1	31.1	3.4	3.3
384	0	2.45	4.8	31.3	7.9	2.7
385	0.01	1.9	3.7	31.6	5.3	3
386	0.01	1.35	4.3	31.6	2	3
387	0.01	0.8	4.8	31.6	1.8	2.8
388	0.02	2	4.6	31.6	1.5	3.2
389	0.01	2.325	4.5	31.7	1.2	3.4
390	0.01	2.65	2.2	32	2.9	3.3
391	0	2.975	2.4	32.3	1.5	2.8
392	0.07	3.3	3	32.1	1	3
393	0	2.6	3.1	32.1	1.6	3.2
394	0.01	1.9	3.1	32.2	3.2	2.9
395	0.01	1.2	3.4	32.2	2.3	3.2
396	0	0.5	3.3	32.3	2.6	3.4
397	0.23	2.1	4	32.5	2.1	3.1
398	0	1.98	4.3	32.4	2.9	3
399	0.02	1.86	3.3	32.2	5.4	3.4
400	0	1.74	1.7	32.2	7.3	3.5
401	0.01	1.62	0.5	32.4	4.9	3.6
402	0.02	1.5	0	32.6	3.5	3.5
403	0.01	1.38	0.1	32.7	3.5	3.9
404	0	1.26	0.4	32.9	5.4	3.8
405	0	1.14	1	33	1.1	3.5
406	0.02	1.02	1.3	33	0.7	3.7
407	0.02	0.9	1.2	32.9	1.1	4.1
408	0.01	1.3125	1.5	33	2.7	5.6
409	1.42	1.725	1.2	33	2.7	6
410	0	2.1375	0.3	32.9	9.5	7.2
411	0.01	2.55	0.2	33.1	11	6.2
412	0	2.9625	0.7	32.9	6	6.2
413	0	3.375	1.4	32.7	4.1	8
414	0	3.7875	1.2	33.1	5.5	9
415	0.1	4.2	2.1	33.4	3.5	5.7
416	0.06	5.3	3.4	33.3	3.7	6.9
417	0.22	3.9	3.6	33.2	1.7	7.6
418	0	0.5	3.4	33	2.8	9.9
419	0	0.6	2.3	33.3	2.7	10
420	0.27	0.7	2.3	33.3	1.8	12
421	0.28	0.8	2.4	33.3	1.7	13
422	0.01	2.5	2.7	33.1	2.6	12
423	0.02	3.9	3	32.9	3.1	13
424	0.15	2.8	3.4	32.9	3.1	12
425	1.8	7.8	3.5	32.7	4.1	11
426	0	5.8	4.1	32.3	5.5	11
427	0.01	2.6	4.2	32.1	6.6	14
428	0	0.8	3.5	32.2	7.8	16
429	0	1.62	1.7	32.7	11	17
430	0.04	2.44	0.9	33.2	4.2	14
431	0	3.26	1.3	33.1	4.3	13
432	0.01	4.08	1.5	33.3	3	14
433	0	4.9	2.4	33.3	2	14
434	0.28	6.6	4	32.8	1.8	15
435	0.01	4.4	4.5	32.8	2.4	15
436	0.03	5.6	4.7	32.9	2.4	11
437	0	7.3	5.3	32.7	2.7	11
438	0.27	7.4	6.3	32.2	1.7	11
439	2.39	0	4.7	32.6	3.8	8.8
440	0.05	0.45	2.8	32.3	7.1	8.5
441	0	0.9	3.1	32.5	8	7.6
442	0.01	2.6	3.4	32.5	5.6	7
443	0.01	6.2	4.6	32.5	4.8	6
444	0.01	1.3	4.7	32.7	3.9	6.2
445	0.06	6.6	5.2	32.9	1.8	4.1
446	0.22	9.1	5.8	33	1.9	2.6
447	0.07	6.7	6	32.7	1.2	2.1
448	0.01	5.6	6.8	32.4	0.9	1.9
449	0.01	6	7	32.2	1.1	2.1
450	0.05	14.3	7.8	32	1.3	2.9
451	0.02	12.3	8.2	32	1.6	3.6
452	0.02	8	7.5	32.1	2.4	4
453	0	8.1	6.8	32.5	2.1	3.9
454	0.01	7.3	7	32.6	1	3.8
455	0.11	6.4	7.1	32.6	1.1	4.1
456	0.39	7	7.1	32.4	1.6	4
457	0	7	7.6	32.3	1.6	3.5
458	1.78	5.2	7.4	32.2	2.7	3.3
459	0.01	4.5	7	31.7	4.5	4
460	0.01	2.9	6.2	31.7	4.8	3.9
461	0	2.4	6.1	31.9	2.1	3.5
462	0	2.6	5.5	32	1.9	3.5
463	0.02	4.3	5.7	32	1.8	4
464	0	5.3	6	32.5	1.2	4.5
465	0.01	5.2	6.2	32.8	1	4.8
466	2.14	5.6	6.4	32.6	1.9	5
467	0	7.5	6.4	31.9	7.1	8.3
468	0	7.4	6.6	32.2	6.7308	8.5846
469	2.55	7.8	6.5	32.4	6.3615	8.8692
470	0.01	6.9	6.9	32.1	5.9923	9.1538
471	0	7.2	7.1	31.9	5.6231	9.4385
472	0	7.8	6.9	32.2	5.2538	9.7231
473	0.01	8.2	7.2	32.2	4.8846	10.008
474	0.01	9.7	8.1	32.3	4.5154	10.292
475	0	12.8	9	32.2	4.1462	10.577
476	0	14	9.7	32.2	3.7769	10.862
477	0.01	12.9	10.7	32	3.4077	11.146
478	0.01	18.7	12	31.6	3.0385	11.431
479	0.21	11.6	10.8	31.9	2.6692	11.715
480	0	9.9	11.5	30.7	2.3	12
481	1.56	10.9	12	30	2.2	13
482	0	14.4	11.6	30.4	2.5	10
483	0	14.4	11.7	30.7	3.6	8.4
484	0.01	16.2	11.7	31	3.3	6.1
485	1.24	12.7	11.2	31.4	3	4.8
486	0.22	12.1	11.1	31.2	2.2	4.3
487	0	12.7	11.5	31.3	2.3	3.5
488	0	13.1	11.8	31.2	1.9	3.2
489	0	13.8	11.9	31.3	1.5	3.2
490	0	10.8	12	31.4	2.6	4
491	0	10.7	12.2	31.2	2.9	3.9
492	0.01	11.9	12.9	31.2	2.7	4.1
493	0.01	13.8	13.9	31	2.4	4
494	0.01	15.1	14.6	30.8	2.2	3.9
495	0.05	15.3	14.9	30.8	2.4	4
496	0.25	15.8	15.1	30.6	3.1	3.1
497	0.06	14.6	15.1	30.6	3.1	2.9
498	0	13.3	14.8	30.6	2.9	2.9
499	0	15.9	14.5	30.7	3.1	4.3
500	0.42	16.4	14.1	31	4.1	3.6
501	0.01	14.1	14	31.1	3.9	3.4
502	0.25	9.4	13.8	30.9	3.1	2.8
503	0.1	11.8	13.2	30.8	3.4	2.2
504	0.04	16.3	13.7	30.8	3.4	1.7
505	0.01	15.4	14.2	30.9	3.2	1.6
506	0.01	14.7	14.8	30.9	2	1.8
507	0	15.4	15.7	30.8	1.4	1.9
508	0	16.9	16.2	30.5	1.2	3.1
509	0.01	19.5	16.5	30.4	1.5	2.6
510	0	22.9	16.5	30.6	2.3	3.3
511	0.07	21.8	16.8	30.7	1.8	2.8
512	0.03	20.8	17.6	30.5	1.5	4.4
513	0	19.1	16.9	30.7	3	3.6
514	0.01	18.9	17.4	30.7	1.5	3.7
515	0	19.7	17.1	30.9	1.4	4.2
516	0.03	20	18.9	30.5	1.3	4
517	0.01	20.6	19.1	30.6	1.6	3.5
518	1.34	18.9	18.2	30.6	1.8	3.2
519	2.8	17.7	17.4	29.8	4.1	2.7
520	0.01	20.2	18.3	29.6	2.9	2.3
521	0.01	17.7	18.2	29.8	2.4	1.9
522	0.01	17.1	17.7	30.1	1.9	1.9
523	0	19.1	18.3	30.2	1.4	2
524	0	19.6	18.9	30.2	1.4	2.1
525	0	18.1	18.9	30.3	1.6	2.2
526	0.84	21.5	19	30.4	1.7	2.2
527	0.06	20.7	19.4	30.6	1.7	2
528	0.09	16.9	19.1	30.7	1.9	2.6
529	0.01	15.5	18.2	30.8	2.8	2.3
530	0.01	16.8	18.4	30.8	2.3	2
531	0.01	18.7	19.1	30.9	2.3	1.8
532	0	22.6	19.8	30.9	2.2	1.9
533	0	22.2	20.4	31.1	1.8	1.8
534	0.03	20.8	20.8	31.2	1.5	1.8
535	0.33	22.2	20.8	31.1	1.3	2
536	0.78	20.5	19.9	31	1.4	1.9
537	0.01	20.5	19.7	30.9	1.5	2.4
538	0.01	19.6	18.1	31.1	1.5	2.4
539	0	19.2	17.8	31.3	1.2	2.1
540	0.01	20.7	18.7	31.3	1.3	2.4
541	0.02	22.5	19.6	31.2	1.2	2.9
542	4.38	23	21	30.7	1.9	3.3
543	0.44	23.4	20.8	30	2.2	3.7
544	0	21.5	19.6	30.4	1.9	3.9
545	0	21.4	19.8	30.4	1.9	3.3
546	0	19.6	19	30.7	2.1	3.4
547	0	18.8	18.3	30.9	1.8	2.8
548	0	20.1	18.2	31.2	1.8	2.7
549	0.03	20.1	18.2	31	2.1	2.9
550	1.14	20.3	18.5	30.7	3.1	3.2
551	0.6	22.6	18.9	30.8	2.3	2.9
552	0	22.9	19	31.1	2.1	2.7
553	0	23.4	18.9	31.2	1.7	2.8
554	0	24.2	18.9	31.5	1.3	2.9
555	0	23.2	19.6	31.4	1.6	3.2
556	0.84	23.3	20.1	31.3	1.6	3.7
557	0	23.457	20.9	31.4	1.9	2.8
558	0	23.614	21.5	31.4	2.1	2.4
559	0	23.771	21.5	31.6	2.1	2.4
560	0	23.929	21.8	31.5	2.7	3
561	0.01	24.086	21	31.8	2	2.9
562	0	24.243	21.8	31.7	1.8	2.4
563	0.67	24.4	22.1	31.6	1.6	2.3
564	0.02	24.557	22.6	31.4	1.7	2.3
565	0	24.714	23	31.4	1.9	2.6
566	0	24.871	21.9	31.5	1.8	2.8
567	0	25.029	22.1	31.5	1.6	2.7
568	1.57	25.186	21.7	31.2	2.1	2.3
569	0	25.343	21.4	30.7	2.2	2.3
570	0.01	25.5	21.9	30.8	1.9	2.5
571	0	25.657	22.8	30.9	2	3.3
572	0	25.814	23.1	31.1	2.4	3.5
573	0	25.971	23.4	31.2	2.8	4.2
574	1.6	26.129	23.6	31.3	2.8	3.7
575	0	26.286	23.6	31.2	2.7	3.3
576	0	26.443	23.6	31.5	3.1	4.3
577	0	26.6	24.2	31.5	2.6	5.3
578	0	26.3	24.2	31.5	3	6.4
579	0.26	25.7	23.8	31.6	3.4	7.9
580	0	26	23.4	31.6	3.1	7.5
581	0	23.8	22.8	31.7	2.4	5.8
582	0.03	24.3	23.6	31.7	2	4.4
583	0	26.4	23.7	31.6	1.9	5
584	5.16	28.2	24.3	30.4	2.4	5.8
585	0	24.3	23.8	30.3	2.1	5.4
586	0.54	19.2	23.5	30.3	2.6	3.8
587	0	20.4	22.6	30.1	3.8	2.6
588	0	24.2	23.3	30.3	3.5	2.6
589	0.06	25.5	23.6	30.3	2.6	2.9
590	0	22.9	23.1	30.5	2	2.6
591	0	23.8	23.2	30.5	2.3	2.6
592	0	24.3	23	30.5	2	2.7143
593	0.94	23.9	22.9	30.5	2	2.8286
594	0	20.1	22.3	30.4	2	2.9429
595	0.34	19.3	21.3	30.5	1.7	3.0571
596	0.04	19	20.5	30.5	1.4	3.1714
597	1.22	18.852	19.5	30.5	1.9	3.2857
598	0	18.703	18.5	30.4	3.1	3.4
599	0	18.555	18.9	30.4	3.2	3.2
600	0	18.407	20.1	30.5	2.6	3.8
601	0	18.258	21	30.7	2.6	4.3
602	0	18.11	21.3	30.8	2.7	3.9
603	0	17.962	21.5	30.9	2.8	4
604	0	17.813	22.1	31	2.3	4.2
605	0	17.665	22.1	31.2	2.3	3.5
606	0	17.517	22.1	31.3	2.1	3.3
607	0	17.368	22.2	31.4	1.9	3.4
608	0	17.22	22	31.5	2.2	3.6
609	0	17.072	21.7	31.6	1.8	3.8
610	0	16.923	21.9	31.5	2	3.4
611	0	16.775	22.1	31.5	1.5	3.6
612	0	16.627	21.9	31.7	1.2	3.6
613	0	16.478	22.4	31.6	1.1	4.1
614	0	16.33	22.7	31.7	1.4	4.5
615	0	16.182	23.1	31.8	2.5	5.5
616	0	16.033	22.6	31.9	2	5.7
617	0	15.885	22.5	32	1.9	4.8
618	0.9	15.737	23.1	31.6	1.8	3.8
619	0	15.588	22	31.3	3.3	3.2
620	0	15.44	20.9	31.6	2.1	3.5
621	0.11	15.292	20.7	31.7	1.5	4.1
622	0.15	15.143	20.6	31.5	1.6	4.3
623	0	14.995	19.5	31.6	1.8	3.1
624	0	14.847	19.2	31.6	1.2	2.5
625	0	14.698	19.1	31.5	1	2.3
626	0	14.55	19.5	31.4	0.9	2.5
627	0	14.402	20	31.4	0.9	2.7
628	0	14.253	20.5	31.5	1	2.6
629	0.18	14.105	20.8	31.6	1.1	2.4
630	0	13.957	21	31.6	1.4	2.6
631	0	13.808	20.6	31.6	1.9	3.3
632	0	13.66	20.6	31.6	2.6	3.7
633	0	13.512	21	31.7	3.2	4.5
634	0	13.363	21.2	31.8	3.1	4
635	0	13.215	21.1	31.8	3	3.3
636	0	13.067	20	32	3.2	2.8
637	0	12.918	19.7	32.1	2.4	2.6
638	0	12.77	19.8	32.1	2.2	2.1
639	0	12.622	19.8	32	1.8	1.8
640	0	12.473	20.4	31.9	1.6	1.8
641	0	12.325	21	31.8	1.6	1.9
642	0	12.177	21.4	31.7	1.7	2
643	0.02	12.028	21.4	31.7	1.9	2.2
644	0	11.88	21.2	31.7	2.1	2.8
645	0	11.732	21.2	31.7	2.1	2.7
646	0.28	11.583	20.8	31.8	2.1	3.1
647	0.13	11.435	20	31.8	1.8	2.6
648	1.73	11.287	19.8	31.6	1.8	2.1
649	0.03	11.138	18.9	30.9	3.7	2.5
650	0	10.99	17.5	30.6	2.6	2
651	0	10.842	16.9	30.7	2	1.8
652	0	10.693	16.9	30.8	1.3	2.2
653	0	10.545	17.4	31.1	1	2.8
654	0	10.397	17.8	31.2	0.9	3.3
655	0	10.248	18.2	31.2	0.9	3
656	2.17	10.1	18.7	30.8	1	2.8
657	0	9.9517	18.8	30	2.1	3.6
658	0	9.8033	18	30.1	3.6	2.9
659	0	9.655	17.8	30.4	3.2	3.1
660	0	9.5067	18.1	30.7	3.5	4.2
661	0.45	9.3583	17.8	30.8	4.5	5.9
662	0.11	9.21	16.8	31.2	6.5	5.9
663	0.35	9.0617	16	31.6	8.5	5.2
664	0.23	8.9133	16.2	31.5	7.3	4.2
665	0	8.765	15.6	31.3	6.6	3
666	0	8.6167	14.6	31.4	4.4	2.8
667	0	8.4683	14.3	31.5	3	2.4
668	0	8.32	14.5	31.5	2.4	2.4
669	0	8.1717	14.7	31.5	3.2	2.5
670	0	8.0233	14	31.6	2.3	2.6
671	0.02	7.875	12.8	31.6	3.1	3.2
672	0	7.7267	11.7	31.4	3.9	2.3
673	0	7.5783	11.8	31.6	3.7	2.2
674	0.44	7.43	12.1	31.4	5	2.7
675	0	7.2817	11.3	31.4	5.4	2.1
676	0	7.1333	10.7	31.4	3.3	1.8
677	0.12	6.985	10.9	31.6	1.8	1.8
678	0.18	6.8367	10.7	31.5	1.6	1.9
679	0	6.6883	10	31.4	1.9	1.8
680	0.08	6.54	9.6	31.4	1.6	1.7
681	0.1	6.3917	10.2	31.3	1.4	1.7
682	0	6.2433	10.6	31.4	0.9	1.7
683	0.19	6.095	11.1	31.3	1.8	2.3
684	0	5.9467	10	31	3.9	1.9
685	0	5.7983	9.2	31.3	2.8	1.4
686	0	5.65	9.2	31.4	1.5	1.4
687	0.17	5.5017	8.6	31.5	1.4	1.6
688	0.16	5.3533	8.1	31.3	1.8	2
689	0	5.205	8.7	31.2	2.2	2.3
690	0.03	5.0567	9.9	31.3	2.5	2.5
691	0	4.9083	9.1	31.3	3.2	1.9
692	0	4.76	7.6	31.3	3	1.7
693	0	4.6117	7.4	31.3	2.8	1.6
694	1.04	4.4633	7.9	31.2	1.8	1.5
695	0.15	4.315	9	31	2.7	1.8
696	0	4.1667	8.4	30.9	3.8	1.5
697	0	4.0183	8.6	31.2	2.7	1.6
698	0	3.87	7.9	31.1	2.1	1.3
699	0	3.7217	6.9	32.1	2.3	1
700	0.34	3.5733	6.3	33.1	1.4	1.2
701	0.39	3.425	6.9	32.5	3.7	1.4
702	0	3.2767	5.9	32.2	6	1.6
703	0	3.1283	5.2	32.3	3.2	1.3
704	0	2.98	4.8	32.1	1.5	1.1
705	0	2.8317	4.9	32	1.4	1.2
706	0	2.6833	5.4	32	1.3	1.2
707	0.5	2.535	6.1	32	1	1.2
708	0.08	2.3867	6.7	31.9	0.7	1.4
709	0.01	2.2383	6.9	31.7	0.7	1.4
710	0	2.09	7.4	31.7	1.1	1.4
711	0.87	1.9417	6.7	31.8	1.1	1.7
712	0	1.7933	6.3	31.7	1	1.5
713	0	1.645	5.6	31.7	0.8	1.5
714	1.34	1.4967	5.2	31.8	3.6	2.8
715	0	1.3483	3.5	31.2	14	3.3
716	0	1.2	3.5	31.7	8.5	2.6
717	0.07	4.2	4.1	31.7	3.9	2.3
718	0	4	4.9	31.7	2.6	2.1
719	0	3	5.3	32	2.4	2.4
720	0	3.6	4.7	32	4.4	3.2
721	0.72	9.2	5.4	32.1	6.5	4.6
722	0	6.1	5.8	32	6.6	3.9
723	0	3.9	5.5	32	4.8	3.2
724	0.1	2.2	5.4	32.2	3.8	2.6
725	0.02	3.9	5.2	32.3	3.6	3.2
726	0	6.3	5.3	32.2	2.9	2.8
727	0.46	8.3	5.9	32.1	2.2	2.2
728	0.26	4	5.8	32	2.3	2
729	0.21	4.4	5.6	31.8	3.2	2.5
730	0.12	5.9	5.5	31.7	2.5	2.1
731	0	5.15	4.7	31.6	3.9	2.2
732	0	4.4	2.5	32	3.5	1.9
733	0	3.65	2.2	32.2	2.9	1.7
734	0.04	2.9	2.8	32.2	2	1.6
735	0	4.8	3.7	31.9	1.9	1.4
736	0	7.4	4.7	32	1.2	1.5
737	0	8.2	5.5	32	1.1	1.5
738	0	10.4	6.5	31.8	2.1	1.7
739	0.02	7	6.7	31.7	2.5	1.9
740	1.25	8.8	7	31.8	2.7	1.7
741	0	7	7.2	31.3	2	1.7
742	0.43	4.4	6.8	31.3	2	1.5
743	0.09	2.8	6.3	30.9	3.1	2.1
744	0	2.6	6	30.9	2.7	2
745	0	1	5	31	2.3	1.9
746	0.26	1.7	4.7	31.3	1.6	1.7
747	0.53	6.1	5.3	31.1	1.9	2.1
748	0	2.2	5	31.1	3.1	2.4
749	0	1.9	4.4	31.4	6.1	2.3
750	0	1.6	3.2	32.2	6.8	2
751	0	1.3	2.8	32.5	3.3	1.7
752	0	2.4	3.4	32.4	2.5	1.3
753	0	2.025	3.4	32.4	2.3	1.4
754	0	1.65	2.9	32.6	2.7	1.4
755	0	1.275	2.8	32.8	1.7	1.2
756	0	0.9	3.2	33	0.8	1.1
757	0	1.3	3.2	33	0.9	1.1
758	0	2.7	3.2	33	0.8	1.3
759	0.02	5.3	3.7	32.8	1.8	1.5
760	0	0.6	3.5	32.4	2.6	1.4
761	1.96	3.9	3.6	32.3	2.2	1.2
762	0	4.6	3.9	31.6	2.5	1.6
763	0	3.3	4.2	31.45	4	1.6
764	0.05	3.2	4.6	31.3	3.7	1.7
765	0	7.3	4.9	31.5	3.3	1.8
766	0	9.6	5.4	31.7	4.3	1.8
767	0.08	6	5.9	31.75	3.75	1.6
768	0	4.1	5.6	31.8	3.2	1.6
769	0.09	4.3	5.2	32	2.3	1.6
770	0.03	2.5	5.1	31.9	3.2	1.6
771	0	4.0667	2.8	32.1	8.5	2.3
772	0.69	5.6333	1.8	32.4	3.2	1.8
773	1.67	7.2	3.2	31.9	2.6	1.6
774	0.01	2	3.7	31.2	3.7	1.8
775	0	4.2	3.9	31.5	5	2.1
776	0	4.15	3.6	31.7	4.9	2.1
777	0.08	4.1	3.9	32.2	3.8	2.1
778	0.18	8.5	5	31.5	3.5	2.1
779	0	3.6	5.1	31.8	11	3.3
780	0	2.75	4.3	31.8	12	3.5
781	0	1.9	4.1	32.5	6.7	3.1
782	0.73	1.05	3.8	32.7	2.8	2.4
783	0	0.2	3.5	32.5	2.9	2.7
784	0	1.95	3.5	32.4	2.8	2.6
785	0	3.7	4	32.4	2.1	2.6
786	0.11	5.3	4.5	32.7	1.3	2.3
787	0	2.9	4.9	32.5	1.2	3.4
788	0	3.4333	3.6	32.6	2.7	3.9
789	0.15	3.9667	3.1	33.2	3	3.8
790	0.16	4.5	3.9	32.8	2.5	6.5
791	0	2	3.6	32.1	3.3	9.1
792	0	5.7	4.4	32.4	4.4	8.4
793	0	8.2	5.6	31	3.9	7.5
794	0.34	8.6	6.5	31.2	6	9.7
795	0	4.2	6.3	32.3	5.2	8.6
796	2.34	5	6.4	32	4.3	8.6
797	0.54	8.8	6.5	31.1	5.7	7.1
798	0	2.2	5.9	30.9	14	10
799	0	2.2	5.5	31.6	8.3	8
800	0	4.2	5.9	31.9	3.4	5.6
801	0	5.9	6.2	32.1	3.3	5.9
802	0	3.6	6	32.5	2.6	5.6
803	0.01	7	6.4	30.7	1.4	5.8
804	0.11	7.1	6.9	29.9	1.4	7.7
805	0	5.3	6.9	29.8	1.5	9.7
806	0	3.6	6.1	29.8	2.3	11
807	0.01	3.8	5.9	30.4	2.2	11
808	0.77	7.2	6	31	2.6	11
809	0.4	7.3	6.4	31.2	5.1	11
810	0	4.3	5.8	31.4	6.3	11
811	0	5.1	5.7	31.7	5.3	10
812	0	3.3	6	32	2.1	9.1
813	0	3.7	6.3	32.1	1.5	7.6
814	0	3.5	6.4	32.2	1.2	6.9
815	0	10	6.8	32.2	1.9	7.8
816	0.04	6.9	7	32.1	1.3	7.8
817	0	7.1	7.1	32	0.8	6.2
818	0	4.1	7.3	31.5	0.9	5.7
819	0	2.1	6.8	31.7	0.6	5.3
820	0.08	7	6.8	31.8	0.6	6.2
821	0.25	10.1	7.2	30.6	1.3	5.6
822	0	7.3	7.6	29.6	3.6	7.2
823	0.03	5	7	31.5	6.8	10
824	0.79	8.7	7.2	31.6	3.8	6.9
825	0.02	11.3	8	31.4	2.4	5.4
826	0	7.7	8.2	31.5	3.1	5.5
827	0	6.5	7.8	31.5	4	5.5
828	0	7.2	8.2	31.5	3	3.9
829	0	6.7	8.6	31.4	2.4	3.3
830	0	11.5	9.4	31.2	1.7	2.8
831	0.02	9.7	9.6	31.2	1.5	3
832	0.85	11.7	9.7	30.9	1.1	3.2
833	0	10.5	10	30.8	1.3	3.3
834	0	7.4	9.2	30.9	1.5	3.7
835	0	8.5	9.3	31	1.3	5.2
836	0	9.8	9.6	31.1	1.1	3.6
837	0	10.6	10	31.1	1.3	3.9
838	0	13.1	10.8	30.9	1.7	4
839	0	13.1	11.6	30.2	1.3	5.6
840	0	11.9	12.4	29.9	1.8	6.6
841	0	12.3	12.5	30.7	3.6	6.1
842	0	12.7	13	30.8	5.1	5.4
843	0	13.4	13.5	30.7	4.1	4.3
844	0	18.3	14	30.7	3.1	3.7
845	0	14	14.1	30.8	2.9	3.3
846	0.01	11.7	14.1	30.9	2.4	3.7
847	0.05	9.7	13.4	30.9	3	6.1
848	1.24	11.1	12.5	30.8	3.4	9.8
849	0.19	11.5	12.6	30.1	4.1	9.1
850	0	9.8	11.9	30.1	4.8	6.8
851	0.11	10.3	11.6	30.5	5	6.1
852	0.1	12.2	12.1	30.6	4.1	6.5
853	0	10.4	12.2	30.4	6.4	10
854	0.01	13.6	12.3	30.3	8.1	12
855	0	12.9	12.9	30.3	6.8	10
856	0	14.7	13.3	30.3	5.7	9.4
857	0	15.8	13.7	30.5	5.3	10
858	0.04	17.2	14	30.7	5.2	15
859	1.04	11.4	13.1	30.6	4.6	14
860	0	12.9	12.7	30.2	5.8	13
861	0	11.7	12.8	30.4	4.5	14
862	0.3	9.9	11.6	30.5	8.8	24
863	0	13.3	11.5	30.3	7	18
864	0	13.3	12.6	30	6.6	13
865	0	14.3	13.2	30.3	4.7	11
866	0.75	12.3	13.4	30.2	4.3	7.9
867	0.03	14.9	13.4	29.8	6.4	13
868	0.11	14.3	13.7	30	5.4	8.3
869	0	12.8	13.3	30.2	9.1	6.1
870	0.48	10.8	12.4	30.3	9.8	6.2
871	0	12.7	12.4	30.4	6.4	5.9
872	0.07	12.6	12.5	30.5	4.3	6.2
873	0.01	15.6	12.4	30.7	4.1	4.2
874	0	17.1	12.8	31	3.2	3.6
875	0	16.6	13.7	31.1	2.9	4.4
876	0.01	15.8	14.1	31	3.2	5.2
877	0.95	16.8	14.8	30.8	4.1	7.5
878	0	14	14.3	30.8	4.4	7.6
879	0	15.4	14.2	30.9	3.55	7.05
880	0	17.4	13.9	31.3	2.7	6.5
881	0.63	15.9	14.8	31.2	3.2	4.4
882	0	20.7	14.4	31.2	2.9	3.4
883	0	18.2	13.8	31.7	3	2.9
884	0	18.3	14	32	2.3	2.4
885	0.7	16.5	14.2	31.8	1.8	2.4
886	0.03	17.7	14.9	31.6	1.5	2.5
887	0	16.1	15.8	31.6	1.5	3.1
888	0	19.8	16.6	31.6	1.5	3.3158
889	0.19	24.7	17.4	31.6	1.5	3.5316
890	0	24.4	17.9	31.6	1.2	3.7474
891	0	24.3	18.6	31.6	0.7	3.9632
892	0	25.1	19.4	31.5	0.6	4.1789
893	0	24	19.8	31.5	0.5	4.3947
894	0	21.5	20.7	31.4	0.6	4.6105
895	6.83	21.7	20.9	31.1	0.55	4.8263
896	0.02	21.2	20.5	30.8	0.5	5.0421
897	1.18	20.1	20.6	30.8	0.475	5.2579
898	0	20.9	20.9	30.8	0.45	5.4737
899	0.54	18.7	20	30.8	0.425	5.6895
900	0	18.8	20	30.8	0.4	5.9053
901	0	20.5	19.8	30.9	0.5	6.1211
902	0.01	21.2	20	30.9	0.68	6.3368
903	0	21.9	20.5	30.8	0.86	6.5526
904	0.21	21.5	20.1	30.9	1.04	6.7684
905	0.36	23.2	19.9	31.05	1.22	6.9842
906	0	21.7	19.3	31.2	1.4	7.2
907	0.01	22.2	18.5	31.4	1.5	6.4
908	0	23.9	18.6	31.5	1.3	8
909	0	23	19.7	31.4	1.85	8.5
910	0.03	23.6	19.3	31.2	2.4	8.5
911	0.83	22.8	18.9	31.1	3.8	8.8
912	0.01	22.9	19.1	31	4	12
913	0	23	20	30.9	4.5	14
914	0.01	22.8	19.8	30.9	4.7	15
915	0.03	22.8	19.2	30.8	4.4	11
916	0.06	21.9	20.3	30.9	3.7	9.3
917	0	22.1	20.7	30.7	3.4	8.1
918	0	23.1	21.5	30.9	3	8.3
919	0.01	23.4	22.3	31.029	4.1	8.9
920	0.04	22.8	22.1	31.157	4.2	9.8
921	0.01	24.7	22.244	31.286	4.0778	9.7111
922	0	22.9	22.389	31.414	3.9556	9.6222
923	0	23.3	22.533	31.543	3.8333	9.5333
924	0	24.2	22.678	31.671	3.7111	9.4444
925	0	23.3	22.822	31.8	3.5889	9.3556
926	0.01	24.7	22.967	31.929	3.4667	9.2667
927	0	24.7	23.111	32.057	3.3444	9.1778
928	0.01	25.6	23.256	32.186	3.2222	9.0889
929	0.01	25.8	23.4	32.314	3.1	9
930	0	25.6	22.6	32.443	3.5	8.6
931	0	24.3	22.4	32.571	3.9	8.9
932	0.19	24.1	21.6	32.7	3.8	8.3
933	0.09	23.7	21.5	32.2	3.3	8.4
934	1.83	23.5	23	31.9	3.3	8.3
935	1.32	22.3	23.1	31.1	3.4	8.8
936	0	23.2	23	31	3.8	9.1
937	0	23.6	22.8	31.2	3.5	8.5
938	2.93	21.9	22.6	31.2	3.5	8.2
939	0	22.4	22.4	30.9	3.3	7.9
940	0	25	22.6	31	3.4	10
941	0	24.8	22.6	30.833	3.5	11
942	0	25.8	23.1	30.667	3.8	10
943	0	25.7	22.9	30.5	4.3	9.8
944	0.74	23.8	22.6	30.6	4.1	8.5
945	0	23.7	22.8	30.6	4.3	8.1
946	0	24.7	22.6	30.6	3.5	8.3
947	0	24.4	23	30.7	2.8	8.6
948	0.07	25.5	23.5	30.7	2.7	9.1
949	0.11	23.4	23.6	30.7	2.4	10
950	0.04	22.1	24.1	30.6	2.6	13
951	0	22	23.2	30.5	2.8	14
952	0.12	22	22.9	30.5	2.8	13
953	0.02	20.7	22.7	30.4	2.9	12
954	0.55	21.5	22.2	30.4	2.8	11
955	0.01	22.5	21.9	30.5	2.8	11
956	1.58	22	22.5	30.4	2.7	13
957	0.86	22	22.9	29.9	3.6	15
958	0.01	22.4	23.2	29.6	3.6	16
959	0	23.2	22.8	29.7	3.9	14
960	0	23.7	22.3	29.9	3.4	13
961	0	23.5	21.7	30.1	3.9	12
962	0.02	19.4	21.1	30.4	2.8	11
963	0.01	21.2	21.1	30.7	2.3	9.3
964	0	21.9	21.5	30.7	2.1	9.8
965	0	21.9	22.1	30.6	2.2	11
966	0	22.9	22.9	30.4	2.8	12
967	0	23.2	22.9	30.3	2.6	11
968	0.01	20.2	21.9	30.5	2.5	10
969	0.01	20.2	21.9	30.4	2.1	9.2
970	0	21.6	22.1	30.5	2.1	8.8
971	0.01	21.5	22.2	30.5	2.3	8.4
972	1.45	23.1	22.6	30.2	2.7	6.3
973	0	23.4	22.7	30.3	3.9	5.6
974	0	23.2	22.7	30.5	4.8	5.8
975	0	23.1	22.9	30.6	5.3	6.6
976	0.01	22.6	23.3	30.6	4.8	11
977	0	23.5	23.5	30.6	4.7	23
978	0.29	24.4	23.8	30.7	4.6	33
979	2.15	24.1	24.1	30.2	4.5	29.067
980	0	23.5	24.2	29.2	4.4	25.133
981	0.01	22.6	23.5	29.3	4.3	21.2
982	0.58	21.5	22.8	29.4	4.2	17.267
983	0.02	19.5	21.8	29.5	4.1	13.333
984	0.01	19.1	21.2	29.7	4	9.4
985	0.83	19.7	20.8	29.4	4.1	11
986	0	21.4	20.7	29.4	4	10
987	0	23.1	21.3	29.8	4.2	8.5
988	0	24.7	21.7	29.8	6.4	8.325
989	0.01	18.8	20.1	30.6	6.5	8.15
990	0	18.8	20.4	30.6	4	7.975
991	0	19.3	20.5	30.6	3.9	7.8
992	0	15.9	19.9	30.8	3.7	7.625
993	0	16.1	19.5	30.8	3.4	7.45
994	0	18.4	19.9	30.9	3.6	7.275
995	0.01	18.5	20.2	30.9	2.9	7.1
996	0	16.7	19.7	31	2.3	6.925
997	0	16.3	19.5	31	3.1	6.75
998	0.15	16.5	18.6	30.85	4.8	6.575
999	1.57	18.4	18.2	30.7	12	6.4
1000	0.13	19.4	18.6	30.7	8.8	4.8
1001	0.29	19.6	19	30.8	6.3	4.8
1002	0.03	19.9	19.6	30.7	5.0333	4.5
1003	0	18	19.7	30.9	3.7667	4
1004	0.68	18.6	19.9	30.9	2.5	3.8
1005	0.01	15.3	19.4	30.85	2.8	3.7
1006	0.01	15.3	17.9	30.8	4.3	4.3
1007	0	14.2	17.6	30.9	2.7	3.5
1008	0.49	15.1	17.7	31	1.7	3
1009	0.01	13.1	17.4	30.9	1.3	3.2
1010	0.01	12.5	16.8	30.6	1.1	4.4
1011	0	14.9	16.9	30.7	1.2	4.9
1012	0.26	18.5	17.4	30.6	4.6	4.5
1013	0.01	18	18	30.6	2.7	5.1
1014	0	16.5	18	30.8	6.8	6.8
1015	0	16.5	18	30.6	12	6.9
1016	0.02	18.5	18.1	30.4	14	7.7
1017	0.01	17.5	18.25	30.6	8.55	6.2
1018	0.03	17.9	18.4	30.8	3.1	4.7
1019	0.01	18.9	18.6	30.9	2.9	4.5
1020	0	13.1	17.9	31	2.9	4.6
1021	0	10.6	16.6	31	2.7	5.1
1022	0	9.1	15.3	31.2	3	5.4
1023	0.02	11.1	14.6	31.3	3	5.4
1024	0.02	12.2	14.4	31.2	3.7	4.5
1025	0.01	8.3	13	31.2	4	3.7
1026	0.01	7.7	12.4	31.2	3.9	3.8
1027	0	10.3	12.7	31.2	2.4	3.5
1028	0.75	16.6	13.8	31.2	2.7	4.1
1029	0	13.8	14.6	30.9	6.4	4.7
1030	0	14.3	14.6	31	5.2	4.2
1031	1.7	8.1	13.8	30.5	6.3	4
1032	0.01	6.5	12	30.6	14	4
1033	0.01	6.3	11	30.4	5.8	2.9
1034	0.01	10.9	11.3	30.4	3.8	3.1
1035	0	13.4	12	30.6	3.6	2.8
1036	0	7.2	12.3	31	2.7	2.4
1037	0	11.6	12.1	30.9	2	2.7
1038	0.01	12.5	12.4	30.6	1.8	2.9
1039	0.41	14.9	12.9	30.5	1.9	3.2
1040	0.03	15.8	13.5	30.4	3.8	4
1041	0.01	15.3	13.9	30.3	7	4
1042	0.15	14.1	13.9	30.267	7.8	3.8
1043	0.01	11.4	13.5	30.233	6.5	3.1
1044	0.01	9	12.7	30.2	7.5	3.1
1045	0	7.3	11.8	30.4	6.9	2.6
1046	0	7.7	11.7	30.6	4.8	2.2
1047	0.3	11.6	11.9	30.8	4.3	2.3
1048	0.01	14.2	12.4	30.533	5.9	3.8
1049	0.65	15.3	12.9	30.267	6.2	3.9
1050	0.23	9.2	12.6	30	10	3.5
1051	0	5.8	11.2	30.3	8.45	2.85
1052	0	2.6	9.8	30.6	6.9	2.2
1053	0	0	8.1	30.85	6.7	2
1054	0	1.6	7.5	31.1	3.8	1.5
1055	0	0.8	7.1	31.2	3.2	1.3
1056	0	2.9	5.8	31.5	5.8	1.6
1057	0	5	5.2	31.9	6.4	1.5
1058	0.31	7.1	6	32.2	4.5	1.8
1059	0.64	7.2	7.7	31.9	6.6	2.3
1060	0.01	5.7	7.4	31.9	8	2.2
1061	0	4.5	7.9	32	8.2	1.8
1062	0	7.7	8.1	32.2	6.9	1.7
1063	0	5	7.9	32.3	5.5	1.6
1064	0.69	5	7.9	32.4	4.9	1.7
1065	0.04	10.1	8.1	32	5.5	2.5
1066	0.01	5.8	7.9	31.9	7.2	2.8
1067	0.02	4	7.4	32	7.6	2.8
1068	0.05	8	7.6	32.3	7	2.5
1069	0.02	2.9	7.8	32.3	5.1	2.3
1070	0.19	1	7.7	32.5	3.8	2.4
1071	0.03	0.9	7	32.4	7.2	2.6
1072	0.01	4.1	5	32.9	8.7	2.6
1073	0	7.3	5.7	33.1	6	2.9
1074	0.14	10.9	7.9	32.9	5.8	2.5
1075	2.41	5.3	8.7	32.5	7.1	2.5
1076	1.18	6.9	8.3	31.6	12	3.8
1077	0	5.8	7.1	31.4	10	3.4
1078	0	4.7	7.1	31.9	9	3.2
1079	0.03	10.7	7.9	32	8.4	2.9
1080	0.42	4.1	8.3	31.8	8.1	2.9
1081	0.35	4	7.6	31.7	5.7	2.6
1082	0.02	4.1	7.4	31.7	4.2	2.2
1083	0.64	1.4	6.8	31.7	3.4	2.2
1084	0.02	1.85	5.3	31.7	4.6	3.5
1085	0.69	2.3	4.7	31.7	5.5	4.9
1086	0.01	3.4333	2.7	31	17	4
1087	0.02	4.5667	2.2	31.6	10	2.9
1088	0.21	5.7	3.75	31.45	5.7	2.7
1089	0.07	6.2	5.3	31.3	6.4	3
1090	0	2.8	5.6	31.6	5.9	3.4
1091	0	7.5	6.1	31.7	3.9	3.2
1092	0	10.2	6.9	31.6	3.6	3
1093	0.01	5.9	6.9	31.4	4.3	2.8
1094	0.01	4.8	6.3	31.5	5.8	2.7
1095	0.01	3.3667	5.4	31.7	5.4	3.1
1096	0	1.9333	3	31.9	9.1	3.7
1097	0.02	0.5	2.8	32.2	6.3	3.7
1098	0	1.5	3.3	32.2	4.8	2.9
1099	0.01	1.2	3.5	32.2	3.9	2.4
1100	0.02	5.1	4.5	32.2	2.2	2.3
1101	0.03	1	4.5	32.3	1.9	2.6
1102	2.94	3	4.1	31.7	2.9	3.9
1103	0.01	2.7	4.2	31.3	9	5.1
1104	0	2.7	3.6	31.1	9.3	3.9
1105	0.02	2.7	4.2	31.6	5.5	4
1106	0.11	2.7	4	31.5	4.4	4
1107	0	2.7	3.9	31.6	4.1	4
1108	0	2.7	3.9	31.7	3.3	4.1
1109	0.01	2.7	3.3	31.8	3.8	3.9
1110	0.01	2.7	2.3	32	2.5	4.4
1111	0.02	2.7	1	32.2	2.4	5.3
1112	0	2.7	0.6	32.4	2.1	5.8
1113	0.27	2.7	0.2	32.4	1.6	5.3
1114	0.02	2.7	0.7	32.2	1.3	5
1115	0	2.7	0.4	32	1.7	5.2
1116	0.01	2.7	0.1	32	2.2	6.3
1117	0.02	2.7	0	32	3.3	6.2
1118	0	2.7	0.7	32.05	2.3	5.2
1119	0	0.5	1.6	32.1	2.2	5.2
1120	0	0.825	1	32.2	3.8	5.7
1121	0.01	1.15	1.4	32.3	1.9	5.3
1122	0.02	1.475	2.1	32.4	1	5
1123	1.23	1.8	2.1	32.3	1.5	5.8
1124	0.01	0.9	1.7	31.8	3	6.1
1125	0.02	0	1.8	32	2.8	6.4
1126	0.01	1.7	1.6	32.2	2	5.4
1127	0	3.4	2.2	32.4	2.3	4.9
1128	0	4.6	3.4	32.5	1.9	5.4
1129	0.15	4.1	3.2	32.4	1.3	6.4
1130	0	3.6	2.1	32.3	1.5	6.9
1131	0	3.1	1	32.5	2.5	7.9
1132	0.01	2.6	0.7	32.7	3.2	9.2
1133	0	2.1	1.4	32.8	1.7	8.3
1134	0	7.8	3	32.7	2.4	7.5
1135	0.01	3.5	3.4	32.6	4.3	8.1
1136	0	4.8	3.8	32.7	2.9	7.3
1137	0.01	6.6	4.3	32.7	1.6	5.8
1138	0.08	8.8	5	32.4	6	5.4
1139	0	4.8	5.1	32.2	6.9	5.6
1140	0	1.9	4.4	32.5	2.4	5.3
1141	0	2.1	4.5	32.7	1.2	5.4
1142	0	0.6	4.3	32.9	0.7	5.3
1143	0	0.5	3.8	32.7	0.7	5.7
1144	0.38	3.6	3.8	32.6	0.7	6.8
1145	0.01	4.6	4.2	32.4	1.6	7.8
1146	0.01	2.7	3.2	32.5	5.7	10
1147	0	0.8	2.6	32.7	4.1	8.8
1148	0.18	4	3.3	32.5	3.2	9.1
1149	0.02	4.225	3	32.6	4.4	9.5
1150	0	4.45	2.7	33	3.9	8.8
1151	0.01	4.675	3.2	33.1	1.3	8.9
1152	0.01	4.9	3.7	32.9	1.2	10
1153	0.09	7.3	4.6	32.7	1.4	9.6
1154	0	3.6	5.3	32.6	1.7	12
1155	0.24	3.1	4.6	32.7	1.4	11
1156	0.53	2.6	2.7	32.5	2.5	14
1157	0	2.1	1.4	32.6	2.7	15
1158	0.04	1.6	1.3	32.6	2	15
1159	0	1.1	2	32.5	1.7	14
1160	0.01	4.8	3	32.5	1.8	13
1161	0.01	8.2	3.8	32.4	2.1	12
1162	0	9.9	4.6	32.3	1.6	9.4
1163	0.1	5.8	5.1	32.1	1.5	7.3
1164	0	3.8	5.1	32	2	5.8
1165	0.01	6.9	5.1	32	1.7	5.3
1166	0.03	2.9	5.1	31.8	2.3	5.6
1167	0	0	4.9	32	1.6	4.3
1168	0.01	3.1	5.1	32.1	1.1	4.1
1169	0	5.3	5.3	32.1	0.7	5.1
1170	0.02	4.9	5.4	32.1	0.8	4.3
1171	0.03	4.6	5.7	32.1	0.7	4.5
1172	0	6.2	6	32.3	1.1	5.7
1173	0.13	6.2	6.2	32.1	1.4	9
1174	0.06	3.8	6	31.5	1.6	11
1175	0	2.5	5.5	31.8	1.7	12
1176	0	5.6	5.7	31.9	2	14
1177	0.01	1.5	5.5	32	2.4	15
1178	0.01	2.6	4.8	32.2	2.8	14
1179	0.01	4.3	5.1	32.4	1.7	11
1180	0.62	5.4	5.2	32.4	1.7	10
1181	0.03	8.1	5.7	32.1	1.4	8.4
1182	0.13	8.5	6.5	32.1	1.2	7.3
1183	0.72	8.6	7.1	31.8	2.9	6.3
1184	0.01	8.6	7.4	31.6	4	6.3
1185	0	7.2	7.4	31.9	3.9	6.2
1186	0.05	6.4	7.3	32.1	2.1	5.4
1187	0.12	10	8.1	31.8	2	4.9
1188	0.42	9.9	8.4	31.8	3.8	7
1189	0	10.3	8.4	31.4	5.8	7
1190	0	10.8	8.5	31.4	9.4	5.8
1191	0.81	8.5	8.1	31.5	6	7.4
1192	0	6.4	7.7	31.65	4.6	5.6
1193	0	5.7	7	31.8	6.4	5
1194	0.01	8.1	6.8	31.95	4	4.8
1195	0.02	8.9	7.2	32.1	2.4	5.2
1196	0.89	8	7.6	31.6	2	4.6
1197	0	5.4	7.5	31.2	2.6	7.6
1198	0.02	6.4	7.1	31.4	1.9	11
1199	0.11	7.3	7	31.45	1.2	10.125
1200	0.06	7.7	7.1	31.5	1.3	9.25
1201	0.01	7.9	7.9	31.5	1.45	8.375
1202	0.01	9.4	8.7	31.5	1.6	7.5
1203	0	14	9.3	31.4	1.9	9
1204	0	10.8	9.2	31.6	1.8	11
1205	0.75	7.8	9.1	31.7	2.6	8.9
1206	0.17	9.8	9.3	30.9	4.9	6.5
1207	0.13	8.8	9.1	31	4.9	6.1
1208	0	10.3	9.4	30.7	4.8	5.7
1209	0	11	9.5	31	7.1	6
1210	0	12.4	10.1	31.3	5.8	6.1
1211	0	18.4	10.7	31.4	4.3	5.7
1212	0.03	15.8	11.9	31.3	3.2	5.7
1213	0.02	16.4	12.8	31.1	3	5.8
1214	0.11	12.7	12.4	31.3	3.4	6.1
1215	0.01	10.8	12.4	31.2	2.5	5.4
1216	0.31	12.2	12.5	31.1	1.8	5.1
1217	0.11	12.9	12	31.2	3	5.7
1218	0.47	11.5	11.4	31.2	2.2	5.2
1219	0.46	11.1	11.7	30.9	2.3	5
1220	0.55	11.1	11.8	30.6	4.4	4.8
1221	0.6	11.2	12	30.4	5.8	4.6
1222	0.22	13.1	12.4	30.4	4.6	4.3
1223	0.1	14.6	12.7	30.4	3.8	4.1
1224	0.11	15.5	13.2	30.5	3.6	4
1225	0	17	14.1	30.2	7.1	4.9
1226	0.01	12.3	13	30.6	6.1	4.3
1227	0.1	13.4	12.9	30.7	3.9	3.9
1228	0.07	13.1	13.6	30.6	2.7	3.6
1229	0.24	14.1	13.9	30.5	2.4	4.1
1230	0.1	16.6	14.6	30.2	3.1	4
1231	0.14	14.7	15.5	30	2.3	4
1232	0.29	13.8	15.1	29.8	2.6	4.5
1233	0.04	11.7	13.9	30	2.8	3.4
1234	0.07	12.7	13.8	30.1	2	3.775
1235	0.07	15	14.25	30.25	2.3	4.15
1236	0	16.2	14.7	30.4	2.6	4.525
1237	0	16.5	14.9	30.1	2.6	4.9
1238	0	16.2	14.8	30.4	3.8	4.2
1239	0	17.1	16.7	29.8	3.2	3.3
1240	0	19.4	16.5	29.9	3.3	3
1241	0	13.8	15.9	30	2.9	2.5
1242	0.02	13.9	15.3	30.2	3.4	2
1243	0.1	13.7	15.4	30.1	2.3	1.7
1244	1.15	14.5	15.3	30	2.6	1.4
1245	0.01	18.7	16.1	29.9	2.5	1.2
1246	0	17.8	16.5	29.9	2.9	4.3
1247	0.02	14.2	16.1	30	2.9	3.6
1248	0.14	18.1	16.5	30	3.3	2.9
1249	0.44	16.9	16.2	30.1	3.2	2.2
1250	0.67	14.5	16.2	29.8	2.1	1.3
1251	0.75	14.4	16.2	29.6	1.5	1.3143
1252	0.02	16.9	16.5	29.5	1.9	1.3286
1253	0.01	18.9	17.4	29.6	2.1	1.3429
1254	0	18.3	18	29.6	1.8	1.3571
1255	2.09	17.3	18.1	29.5	1.6	1.3714
1256	0	16.9	18	29.55	1.75	1.3857
1257	0.02	15.9	17.9	29.6	1.9	1.4
1258	1.42	19.7	17.9	29.4	1.5	1.4
1259	0.09	19	18.3	29.5	1.5	1.4
1260	0.01	17.3	18.5	29.6	1.3	1.7
1261	0.15	16.2	18.6	29.6	1.1	1.7
1262	0	16.1	18.6	29.6	1.2	1.5
1263	0.01	16.2	18.7	29.5	1.1	1.9
1264	1.44	17.1	18.3	29.4	1.2	1.9
1265	0	20.2	18.4	29.1	2	2.1
1266	0.6	18.9	18.4	29.4	1.7	2.3
1267	0.73	19.7	18.5	29.2	1.5	2.4
1268	0	20.3	18.6	29.4	1.5	2.2
1269	0.25	20.6	18.6	29.5	1.3	2
1270	0.19	19.5	18.9	29.7	1.2	1.9
1271	0	19.4	19.4	29.7	1.2	2.1
1272	0.14	20.5	19.6	29.8	1.2	2.3
1273	0.05	22.1	19.9	30	1.6	2.2
1274	0	20.7	20.1	30.1	2.6	2.1
1275	0	22	20.15	30.2	2	2.9
1276	0	22	20.2	30.3	1.4	3.7
1277	0.72	21.8	20.6	30.3	1.3	4.2
1278	0	22.4	21.9	29.8	1.4	5.3
1279	0.2	22.7	21.8	29.8	1.5	4.9
1280	0	22.7	20.9	29.9	2.1	5
1281	0	20.6	19.4	30.3	2.2	4.5
1282	0.01	22.1	19.4	30.4	1.8	4
1283	0.27	21	19.8	30.4	1.6	4
1284	0.01	20.4	20	29.9	2.1	4.2
1285	0	18.4	19.9	30.3	1.9	3.6
1286	0	19.6	20.3	30.2	1.9	3.3
1287	0.47	20.7	20.9	30.225	2.1	3.4
1288	0.11	22.8	21.3	30.25	2.4	3.3
1289	0	21	21.25	30.275	2.25	3.6
1290	0	21.7	21.2	30.3	2.1	3.9
1291	0	21.6	21.4	30.1	2.1	4.1
1292	0	23	21.9	30	2.1	4.5
1293	0.01	23.3	21.7	30.1	2	5.3
1294	0	24.2	22	30	2	4.6
1295	0	22.2	20.7	30.5	2.4	4.4
1296	0	22.6	20.4	30.8	3.8	4.5
1297	1.12	20.7	21.1	30.5	2.6	3.7
1298	0.01	22.3	21.9	30.2	2.9	3.7
1299	0.89	21	22.2	30.1	3.5	4.5
1300	0	21.7	22.1	29.9	3.9	3.9
1301	0	22.7	22.8	30.1	3.4	3.1
1302	0.44	23.7	23.3	29.9	2.8	2.6
1303	0	24	23.7	29.7	2.5	2.5
1304	0	23.9	24.1	29.9	2.3	3.1
1305	0.29	23.9	23.9	29.7	2.3	3.5
1306	0	25.3	24	29.65	2.7	4.8
1307	0.44	23.7	24.1	29.6	3.1	6.1
1308	0	23.4	24.1	29.4	3.2	6.5
1309	0.4	23.4	23.9	29.4	3	5.8
1310	0	24.7	23.9	29.2	2.7	5.3
1311	0	24.8	24.3	29.2	2.7	6.7
1312	0.01	25	23.9	29.3	2.7	6.4
1313	0.03	21.5	22.6	29.4	2.5	6.9
1314	0	22.9	21.7	29.7	2.6	5.1
1315	0.01	21.5	21.6	29.9	2.5	5.9
1316	0	23.6	22.1	29.3	2.5	8.2
1317	0.17	26	22.5	29.3	2.4	6.7
1318	0.01	27	22.8	29.5	1.9	6.7
1319	0.02	23.2	22.5	29.8	1.7	5.8
1320	0.01	22	23	29.6	2.1	5.3
1321	0	23.1	23.7	29.5	2.3	5
1322	0	24.4	24.2	29.5	2.5	5.3
1323	0	25.3	24.4	29.5	2.8	5.5
1324	0	26	24.45	29.7	2.65	6.65
1325	0	25.7	24.5	29.9	2.5	7.8
1326	0.01	25.5	24.3	30	2.9	7.7
1327	0	26	23.8	30.2	2.5	6.1
1328	0.04	26	24.5	30.1	2.4	6
1329	1.43	25.6	23.5	30	2.8	5.1
1330	0	25.1	24.2	29.9	4.7	5.4
1331	0.02	24.8	24.3	29.9	3.9	5.5
1332	0.01	24.5	24.2	30	2.8	5.8
1333	0	25.6	24.2	30	2.8	7
1334	0.06	22.2	23	30.1	2.9	7.9
1335	0.77	20.6	22.4	30	2.4	5.3
1336	0.19	21.7	22.4	29.6	2	3.2
1337	0	22.4	23	29.5	2.2	3
1338	0	19.4	22.9	29.7	2.4	3
1339	0.01	19	22.7	29.95	2.15	3.4
1340	0	19.8	22.5	30.2	1.9	3.8
1341	0	19.5	22.5	30.4	1.9	4.2
1342	0	21.5	22.5	30.5	2.1	4.4
1343	0	23.2	23.3	30.7	2.3	4.3
1344	0	20.2	23.1	30.8	2.7	4.1
1345	0	19.1	22.3	30.9	3.3	4.5
1346	0	20	22.1	30.8	2.6	4.3
1347	0.01	20.6	22	30.9	2.3	3.9
1348	0.05	17.9	20.9	31	2.7	3.3
1349	1.35	17.7	19.4	30.7	3.6	3.2
1350	0.06	19.2	19.3	30.4	3.4	2.8
1351	0	21.5	20	30.4	2.8	2.5
1352	0.06	20.7	20.6	30.4	2.9	2.8
1353	0.06	21.8	20.8	30.5	3	3.1
1354	0.21	18.6	20.5	30.7	3.4	3.7
1355	0.14	16.2	19.4	30.5	3.9	3.7
1356	0.07	18.8	19.45	30.55	4.2	3.6
1357	0	16.5	19.5	30.6	4.5	3.5
1358	0	17.1	19.6	30.8	4.3	3.9
1359	0.07	18.8	20	30.9	3.4	3.9
1360	0.07	20.8	20.4	31	2.8	3.8
1361	0.03	21.4	20.8	31	2.3	3.4
1362	0.05	23.3	21.3	31	2.4	3.9
1363	0	17.6	20.5	31.2	2.3	3.9
1364	0.09	16.2	19.4	31.4	2	3.3
1365	1.27	18.5	19.3	30.8	1.9	2.9
1366	0.19	18.3	19.4	30.4	2.9	2.7
1367	0.01	17.3	19.1	30.4	5	2.7
1368	0	14.2	17.9	30.8	5.1	2.8
1369	0	12.4	17.2	31.6	4.9	2.7
1370	0	15.1	16.8	31.8	3.8	2.5
1371	0.07	19	17.3	31.6	3.8	2.8
1372	0	17.9	18.1	31.5	4.1	2.9
1373	0	16	17.9	31.4	3.8	3.1
1374	0	15.7	17.5	31.5	2.9	3.2
1375	0.09	18	17.5	31.7	8.5	4.1
1376	0.01	15.2	16.4	31.7	6.4	3.9
1377	0	18.2	16.7	31.9	3.6	3.7
1378	0	16.5	17.2	31.7	3.7	4.1
1379	0	13.5	16.5	31.8	3.1	3.7
1380	0	9.8	15.7	31.8	2.9	3.2
1381	0	14	15.3	31.8	3	3.2
1382	0	9.4	14.6	31.9	2.8	3.05
1383	0.71	7.5	13.9	32	2.6	2.9
1384	0	7	13	31.9	6.1	5.1
1385	0	9.3	12.4	32	5.6	3.6
1386	0.28	7.4	11.8	32.1	5.9	3.6
1387	0	8.8	11.3	32.1	4.6	2.4
1388	0	12.6	12.1	32.1	3	1.9
1389	0.01	14.3	13.1	32.2	2.3	1.8
1390	0	15.5	13.8	32.2	2.1	1.8
1391	0.19	12.8	13.9	32.2	2.4	2.1
1392	0.63	16.9	13.8	32.1	2.6	2.5
1393	0.14	14.2	14.4	31.6	2.7	2.2
1394	0	11.5	14.1	31.6	2.8	2.3
1395	0.33	12.6	13.9	31.7	2.4	2.4
1396	1	12.4	13.7	31.4	3.4	3
1397	0	11.2	13.5	31.3	5.6	3.2
1398	0	12.5	13.6	31.4	4.7	2.8
1399	0.05	16.5	14.2	31.4	3.7	2.6
1400	0.01	12.4	14.5	31.2	4.5	2.8
1401	0.01	11	13.7	31.4	3.5	2.8
1402	0	10.9	13.5	31.5	2.8	2.6
1403	0.01	8.9	13	31.5	2.7	2.4
1404	0.02	9	12.8	31.6	2.3	2.4
1405	0	6.9	11.7	31.6	3.3	2.6
1406	0	8.1	11.3	31.7	1.8	2.3
1407	0	12.4	11.6	31.7	1.8	2.4
1408	0	12.4	12	31.6	1.4	2.4
1409	0	14.4	12.3	31.725	1.85	2.4
1410	0	11.7	12.6	31.85	2.3	2.4
1411	0.06	9.5	11.4	31.975	3.8	2.9
1412	0.13	10.5	10.8	32.1	8	3.6
1413	0.3	13.1	11.3	31.6	8.7	3.6
1414	0.03	14.6	12.1	31.3	9.6	3.7
1415	0.01	12.2	12.3	31.2	6.6	3
1416	0	9.3	12	31.2	5.3	2.9
1417	0	9.4	11.6	31.2	4.3	2.7
1418	0.02	11.8	11.6	31.2	4.5	2.7
1419	0.63	13.3	12.3	31.1	5.1	2.8
1420	0	10.2	12.1	31.1	4.5	2.4
1421	0	9.1	11.8	31.4	3.3	2.2
1422	0.01	9	11.2	31.4	2.7	2.1
1423	0.01	10.5	11	31.2	3.1	2.1
1424	0.03	10.2	11.2	31.3	3.4	2.2
1425	0.01	11	11.4	31.3	2.7	2
1426	0.07	8.7	11.1	31.2	4.4	2.1
1427	0	9	9.9	31.1	11	2.7
1428	0.01	9.3	9.6	31.5	7.9	2.4
1429	0.28	9.9	10.1	31.6	4.2	2.2
1430	0	5.9	9.7	31.7	5.2	2.3
1431	0.25	10	9.7	31.9	3.8	2
1432	0.94	14.2	11.2	31.9	7.8	2.4
1433	0	9.2	11.1	31.8	7.3	2.3
1434	0.79	5.1	10.5	31.9	6	2.2
1435	0	2.8	9	31.6	5.8	2.1
1436	0	3.6	8.5	31.8	3.6	1.7
1437	0	4.6	7.9	31.8	3.2	1.6
1438	2.22	9.8	8.6	31.7	4.4	1.8
1439	0	4.2	8.1	31.2	12	2.6
1440	0	2.55	5.7	31.4	21	3.1
1441	0	0.9	5.4	31.2	13	2.2
1442	0.77	7.2	6.5	31.4	7.9	1.7
1443	0.01	6.7	8.2	31.7	6.4	1.7
1444	0	8.4	7.8	31.867	5.2	1.75
1445	0	1.7	7.4	32.033	4	1.8
1446	0	1.44	6.1	32.2	3.9	1.8
1447	0	1.18	5.5	32.7	2.3	1.6
1448	0.25	0.92	4.9	32.9	1.4	1.7
1449	0.06	0.66	3	32.7	3.9	2.2
1450	0	0.4	2.3	32.7	3.4	2
1451	0	0	2.4	32.7	3.5	1.9
1452	0	1	2.4	32.9	2.5	1.7
1453	0	2	2.6	33.1	1.3	1.6
1454	0.17	3	3.3	33	1.1	1.7
1455	0.6	5.4	3.9	32.7	3.2	2.6
1456	0.12	8.2	4.9	32.2	6.6	3.1
1457	0	3.5	4.9	32.1	8	3.3
1458	0	2.5333	3	32.1	18	4.3
1459	0.01	1.5667	1.8	32.4	15	4.3
1460	0.31	0.6	2.6	32.4	7.4	3.4
1461	0.05	2.5	4.1	32.4	4.2	2.8
1462	0	2.2333	3.8	32.5	6.8	2.9
1463	0	1.9667	2.1	33.1	19	3.6
1464	0.01	1.7	1.5	33.5	8.2	2.6
1465	0.01	1.4333	1.2	33.6	3.9	2.1
1466	0.01	1.1667	1.7	33.5	2.5	2
1467	0	0.9	2	33.6	2.4	1.9
1468	0	0.92857	2.6	33.6	1.4	1.8
1469	0.02	0.95714	1.4	33.6	1.4	1.9
1470	0.01	0.98571	0.6	33.6	1	2
1471	0.01	1.0143	0.6	33.7	0.8	2.1
1472	0	1.0429	0.9	33.6	0.9	2.2
1473	0	1.0714	1	33.6	1.1	2.5
1474	0	1.1	1.6	33.6	0.7	2.7
1475	0.01	4.3	2	33.4	0.7	2.8
1476	0	5	2.8	33.2	0.6	2.8
1477	0.68	3.3	3.2	33.3	0.7	3.3
1478	0	5.3	3.6	32.9	3	4.5
1479	0	4.8	4	32.9	3.3	4.4
1480	0	3.1	4	32.5	2.3	3.6
1481	0	1.4	3.8	32.6	1.7	3.5
1482	0	2.4	3.7	32.7	1	3.2
1483	0.01	0.9	3.4	32.7	1	3.6
1484	0.01	4.3	3.3	32.6	1.4	4.1
1485	0.84	9	4.3	32.4	3.4	4.2
1486	0.04	5	4.3	32.3	5.95	5
1487	0.02	1.9	4.3	32.2	8.5	5.8
1488	0.03	1.3	3.9	32.5	9.9	6.1
1489	0.04	1.1667	2.5	33.1	17	6.3
1490	0.04	1.0333	1.4	33.5	11	5.5
1491	0.02	0.9	1.2	33.9	5.2	4.6
1492	0	0.76667	1.3	33.9	4.6	3.6
1493	0.02	0.63333	1.6	33.9	3.9	3.6
1494	0	0.5	2	33.9	2.4	3.2
1495	0.01	0.7	1.9	33.8	2.2	3.3
1496	0.02	0.6	2.1	33.9	1.7	3
1497	0	0.65	1.7	34.2	1.9	3.4
1498	0	0.7	0.4	34.1	3.7	5.2
1499	0.02	0.75	0.2	34	4	6
1500	0	0.8	0.7	34	5.8	6.5
1501	0.7	0.1	1	33.9	3.1	5.9
1502	0.01	0.2	0.4	33.4	5.3	7.1
1503	0	0.26667	0.9	33.4	5.8	6.8
1504	0.01	0.33333	1	33.4	3.7	6.8
1505	0	0.4	1.1	33.5	5	7
1506	0.03	0.7	2.2	33.5	3.2	5.9
1507	0.58	0.4	2.5	33.2	1.8	6.3
1508	0	0	2.3	33.2	2.2	7.2
1509	0	2.6	2.7	33.2	2.2	7.4
1510	0	4.2	3.2	33.2	2.5	7.4
1511	0	4.4	3.7	33.3	1.6	7.6
1512	0	4.1	4	33.2	1.2	8.8
1513	0.04	2.1	3.9	33.4	0.8	8.7
1514	1.52	3.4	4	33.5	0.8	7
1515	0.63	4.4	3.9	32.2	5.6	9.4
1516	1.3	2	3.4	32.1	17	11
1517	0.04	1.5	2.2	32.7	27	12
1518	0	1	2.4	32.7	13	8.5
1519	0	2.6	2.8	32.8	9	7.6
1520	0	5.3	3.2	32.6	9.2	7.9
1521	0	4.4	3.5	32.8	4.9	6.1
1522	0.04	3.2	3.6	32.9	4.7	6
1523	0.01	4.3	3.8	32.7	5.8	6.3
1524	0	3.9	3.8	32.7	5.6	6.2
1525	0	5.3	3.9	32.7	4.2	5.7
1526	0	7.3	4.4	32.6	2.6	5.5
1527	0	9.3	4.9	32.4	2.1	6.4
1528	0	9.2	5.5	32.2	2.3	8.1
1529	0	6.4	5.5	32.4	1.7	9
1530	0	7.5	5.9	32.4	1.5	7.6
1531	0.57	6.7	6.2	32.2	3.5	5.7
1532	1.74	7.3	6.3	30.5	17	6.7
1533	0.66	7.6	6.6	28.3	16	6.7
1534	0.19	6.2	6.1	28.7	15	5.9
1535	0	8.6	5.9	28.8	24	6.4
1536	0	8	6.3	29.1	11	4.4
1537	0	9.2	6.4	29.6	8.3	3.8
1538	0	9.6	6.6	30	5.3	3.1
1539	0	11.1	7	30.1	3.5	2.8
1540	0	9.8	7.5	30.1	3	2.6
1541	0.6	9.7	8	30	2.4	3
1542	0.09	8.6	8.3	29.6	2.4	3.5
1543	0	10.4	8.5	29.1	8.8	4.7
1544	0.01	8.5	7.65	29.6	10.9	5.05
1545	0.08	5.8	6.8	30.1	13	5.4
1546	0	1.6	5.8	31.3	15	5.1
1547	0.15	6	6	31.1	7.6	4.5
1548	1.85	8.9	6.3	30.4	7.7	8.1
1549	1.6	8.5	6.7	29.4	25	11
1550	0.01	10	7	29.5	23	11
1551	0	9.7	7.7	29.6	13	9.2
1552	0.01	9.5	8.4	29.6	6.8	10
1553	0	7.2	8.8	29.5	4.7	28
1554	0	11.4	9.4	29.4	3.3	6.5
1555	0	12.5	9.8	29.3	2.9	14
1556	0	13.1	10.5	29.1	2.7	18
1557	0	15.2	11.3	28.9	2.8	26
1558	0.01	13.1	11.5	28.8	3.3	18
1559	0.48	12.1	11.6	27.8	9.2	18
1560	0	9.2	10.1	28.3	9	32
1561	0	11.8	9.1	29.3	10	22.4
1562	0	13.5	9.2	29.6	7.1	12.8
1563	0	10.2	9.1	29.8	8.4	3.2
1564	0.01	11.2	9	29.9	7.8	4
1565	0	12.8	8.9	30	7.2	4.8
1566	0.31	8.7	9.2	30.2	11	4.2
1567	0.01	9.4	9.5	29.7	5.5	5.7
1568	0	9.8	9.4	29.6	3.3	5.9
1569	0	11.6	9.7	29.6	4.1	5.6
1570	0	12	10.1	29.8	4.8	5.3
1571	0.05	11.7	10.7	29.8	5.7	5.3286
1572	0.54	12.1	11.3	29.8	6.6	5.3571
1573	0	13.2	11.4	29.7	6.8	5.3857
1574	0	12.4	11	29.9	4.3	5.4143
1575	1.67	9.5	10.8	29.7	6.2	5.4429
1576	0.67	10.2	10.8	29.3	10	5.4714
1577	0.08	10	11	28.9	24	5.5
1578	0.02	9.8	10.4	28.9	19	6.5
1579	0	13.5	9.9	29.4	21	6.33
1580	0	13.8	9.7	30	24	6.16
1581	0.01	16.8	10.4	30	21	5.99
1582	0	15.4	11.7	29.7	26	5.82
1583	0.71	16.9	12	29.7	34	5.65
1584	0.05	18.7	12	29.6	35	5.48
1585	0	15.3	12.3	29.6	22	5.31
1586	0	17.7	12.8	29.6	9.7	5.14
1587	0	14.2	12.4	29.65	7.9	4.97
1588	0.01	16.1	12	29.7	6.1	4.8
1589	0	9.4	11.1	29.4	12	5.2
1590	0	10.4	9.1	30.4	12	6.8
1591	0	9.1	7.8	30.8	8	5.5
1592	0.42	8	7.9	31.1	6.1	4.9
1593	0.03	10.6	8.9	30.8	5.6	4.1
1594	0.03	14.1	9.8	30.8	3.8	4.2
1595	0	18.4	10.9	30.8	4.8	4.53
1596	0	16	11.3	30.9	4.1	4.86
1597	0.01	15.5	11.4	30.9	4	5.19
1598	1.03	11.3	11	30.5	4.3	5.52
1599	0	13.7	11.3	30	9.6	5.85
1600	0	15	12.1	30.2	6.1	6.18
1601	0	18	13.8	30.5	6.1	6.51
1602	0	16.6	15.5	30.4	8.3	6.84
1603	0	17.7	16.2	30.3	5.9	7.17
1604	0.09	17.6	16.6	30.2	21	7.5
1605	0	17.2	17	30.1	15	6.9
1606	0.02	20.5	16.6	30.3	10	6.3
1607	0.29	18.5	16.9	30.3	5.9	6.4
1608	0.01	15.8	17.3	30.2	4.5	7.1
1609	0.03	17.2	17.3	30.2	3.8	6.7
1610	0	21.6	17.5	30.2	4.2	6.3
1611	0.01	20.6	18	30.3	4	5.9
1612	0.02	20.2	19	30.3	3.8	6.3
1613	0	21.5	18.7	30.3	8.4	6.7
1614	0.01	19.9	18.7	30.3	2.6	9
1615	0.04	22.8	19.3	30.2	2.6	11
1616	0	23.7	19.2	30.2	2.5	11
1617	0.02	22.2	18.7	30.2	5.9	9.875
1618	0.01	19.2	17.5	30.3	3.2	8.75
1619	0	18.7	16.95	30.4	2.6	7.625
1620	0.98	16.2	16.4	30.5	2	6.5
1621	0	17.3	16.7	30.3	1.9	5.2
1622	0	17.7	17.5	30.3	2.3	5
1623	0	18.7	17.9	30.3	2.5	5.5
1624	0.03	20.1	18.4	30.3	2.8	5.6
1625	0	19.5	19	30.5	2.3	5.1
1626	0.01	20.3	19.6	30.5	2.3	4.7
1627	0	19.8	19.8	30.4	2.1	5.2
1628	0.21	21.5	20	30.3	2.3	5.5
1629	0	21.1	19.4	30.3	1.9	5.2
1630	0	20.8	20.1	30.5	2.4	5.8
1631	0	22.4	20.6	30.5	1.9	6.3
1632	0	25.3	20.9	30.5	1.7	7.5
1633	0.09	23.2	20.9	30.6	1.4	8
1634	0.06	25.9	21.7	30.5	1.6	8
1635	0.02	27	21.1	30.5	1.5	8.4
1636	0.01	24.1	20.5	30.5	2	8.3
1637	0	23.8	20.6	30.6	2.2	9
1638	0.01	24.4	20.3	30.7	1.9	9.6
1639	0.19	25.3	20.5	30.7	1.5	10
1640	0	26.2	20.3	30.6	1.9	11
1641	0	20.4	19.6	30.6	2.1	11
1642	0.02	20.9	19.2	30.7	1.6	10
1643	0	20.6	18.9	30.8	1.6	9.7
1644	0	22.1	19	30.8	1.5	8.7
1645	0	24.4	19.5	30.8	1.8	12
1646	0	25.7	19.8	30.8	2.4	11
1647	0	27.7	21	30.9	2.1	12
1648	0	28.1	22	30.9	2.1	12
1649	0.02	25.7	23	31	2.3	11
1650	0	26.3	24.7	30.9	3.1	11
1651	0.02	24.8	25.3	30.7	2.8	9.5
1652	0	25.3	25.5	30.4	3	7.8
1653	0.01	25.5	25.3	30.5	3.05	8.35
1654	1.06	25.3	25.1	30.6	3.1	8.9
1655	0.22	24.9	25	30.5	2.7	7.7
1656	0	24.3	25	30.2	3.1	8.6
1657	0.12	25.3	25.1	30.2	3.5	9.7
1658	0	27.1	24.9	30.2	4.4	10
1659	0.01	28.2	24.2	30.2	3.6	10
1660	0.62	25.6	23.3	30.2	4.3	11
1661	0.01	26	22.8	30.1	2.6	11
1662	0.01	26.2	22.4	30.1	3.4	9.5
1663	0.01	26.9	22.4	30.1	3.1	8.5
1664	0.15	25.2	20.8	30.3	3.1	7.3
1665	0	28.1	20.9	30.3	2.9	6.2
1666	0.05	26.5	21.2	30.3	3.5	7.1
1667	0.01	25.2	20.9	30.2	3.1	7.2
1668	0.01	24.3	20.4	30.3	2.4	7.6
1669	0	23.9	20.5	30.3	2	7.6
1670	0.08	23.4	21.1	30.2	2.3	7
1671	0.03	22.3	20.5	30.4	2	7
1672	0	21.7	21.1	30.5	2	7.6
1673	0	23	22.2	30.5	2.3	9.6
1674	0.02	23.7	23.1	30.5	2.7	12
1675	0	24.1	23.3	30.5	3	12
1676	0	24.7	24	30.5	3.2	13
1677	0.01	27	24.1	30.5	3.4	16
1678	0	26.4	23.2	30.5	3.6	15
1679	0	23.3	21.7	30.7	4	11
1680	0.01	24.9	22.1	30.6	3.7	11
1681	0	25	22.7	30.6	4.7	12
1682	0.02	25.6	22.8	30.5	4.5	12
1683	0.02	25.9	24.1	30.4	3.8	13
1684	0	23.2	23.9	30.65	3.75	10.35
1685	0	22.6	23.7	30.9	3.7	7.7
1686	0	22.3	23.7	31	3.5	6.9
1687	0.01	23.5	23.7	31	3.2	6.5
1688	0.58	24.5	23.8	30.9	2.8	6.3
1689	0.05	25.6	24.4	30.8	3.1	7
1690	0.02	23.5	24.5	30.7	2.7	8.1
1691	0	24.1	24.4	30.7	2.8	9.5
1692	0	26.1	24.7	30.8	3.6	12
1693	0	23.3	24.3	30.7	3.5	12
1694	0.43	24.1	24.6	30.6	2.9	12
1695	0.16	21	23.8	30.3	3.6	9.8
1696	0.1	19.5	22.3	29.9	3.3	7.2
1697	0.67	20	21.8	29.4	3.7	5.9
1698	0	23.2	22.4	28.8	3.3	5.2
1699	0	21.4	22.5	28.8	4	6.2
1700	0	22	22.7	28.7	5	8.5
1701	0	24.7	23.1	28.3	4.8	9.8
1702	0	26.1	23.5	28.5	4.7	12
1703	0	27.8	24.1	29.1	3.5	12
1704	0	27.3	24.6	29.4	3	11
1705	0	25.6	24.6	30.1	2.4	7.6
1706	0.01	25.2	24.1	30.7	2.8	6
1707	0	23.9	23.5	30.6	3.6	5.6
1708	0	20.4	22	30.7	5.3	5.8
1709	0	20.7	21.4	30.9	5.5	6.1
1710	0.01	22.8	21.7	30.9	4.1	5.3
1711	0	24.2	22.2	30.7	4.1	5.2
1712	0.01	19.2	20.1	30.9	3.9	5.3
1713	0.01	18.7	19.6	31.15	3.8	4.85
1714	0	19.5	19.1	31.4	3.7	4.4
1715	0.6	18	19.3	31.4	2.8	3.8
1716	0.52	18	19.3	31	2.3	3.1
1717	0.02	19.6	20.1	31	2.5	3.1
1718	0	17.9	20.1	31	2.8	3.8
1719	0.8	18.7	19.7	31	2.8	4.8
1720	0.34	19.7	20.1	30.8	3.3	4.8
1721	0	18.8	20	30.9	5.2	5.4
1722	0	19.9	20.4	31	5.3	5.6
1723	0	18.9	20.5	31	5.2	5
1724	0	17.6	20	31	5.5	5
1725	1.58	21.2	20.2	30.9	5.4	4.4
1726	0	21.1	21	30.8	5.9	4.4
1727	0	21.3	21.2	30.8	5	4
1728	0	23.3	21.5	30.8	5	4.2
1729	0.21	19.5	21.1	30.9	4.5	4.3
1730	0.44	19.8	20.4	30.8	3.7	4.3
1731	0.03	21.9	20.6	30.7	3.4	4.8
1732	0	21	21	30.7	4.1	4.3
1733	1.66	22.6	21.2	30.5	3.7	4.2
1734	1.48	19.1	21.1	29.7	5.9	4.4
1735	0	15.4	20.2	29.3	10	5.4
1736	0.06	14	19.1	29.7	9.5	4.3
1737	0.22	13.7	17.9	30	11	4.9
1738	0.03	15.5	17.85	30.25	10.45	4.5
1739	0.04	15.3	17.8	30.5	9.9	4.1
1740	0	16.7	17.5	30.6	10	3.9
1741	0	17.5	17.6	30.6	7.9	3.7
1742	0	17.9	17.9	30.7	5.9	3.9
1743	0	14.9	17.8	30.8	4.5	4
1744	0.6	18.1	18.1	30.9	3.1	4.8
1745	0.04	17.2	18.4	30.8	2	5.7
1746	0	13.6	17.9	30.8	1.3	5.7
1747	0.9	14	17.7	30.8	1	5.8
1748	0.01	12.7	16.6	30.1	4.2	5.3
1749	0	13.1	15	30.1	4.8	4.8
1750	0	14.6	14.7	30.3	3.4	5
1751	0	13.3	14.8	30.3	2.5	4.7
1752	0.16	12.1	14.7	30.5	1.7	4.4
1753	0	12.8	14.8	30.5	1.6	4.5
1754	0	13.1	14.5	30.2	1.9	4.6
1755	0	10.1	13.7	30.2	2.8	4.7
1756	0	12.8	13.1	30.5	3.1	4.2
1757	0	15.2	14	30.9	2.3	4.2
1758	0	16.7	14.9	30.9	1.8	5.4
1759	0	17.5	15.8	30.9	2.1	7.7
1760	0.2	18	16.3	30.7	2.5	8.4
1761	0.01	18.3	16.3	30.7	4.1	7.3
1762	0	11.6	15.5	30.6	4.4	6.2
1763	0	10.6	13.6	30.8	4.9	5.5
1764	0	10.9	12.7	31.2	6.6	4.3
1765	0	5.8	11.7	31.3	4.6	3.8
1766	0	6.5	11.2	31.3	2.7	3.8
1767	0	8.7	11.4	31.3	2.1	4.3
1768	0.74	10.3	11.9	31.1	1.9	5
1769	0.13	9.7	12.6	31	5.6	6.3
1770	0	8	12.2	31	5	5.8
1771	0	6.9	11.4	31.1	5.1	5.2
1772	0.03	6.3	10.3	31.1	6.8	5.3
1773	0	8.3	9.6	31.2	5.3	4.6
1774	0	10	10.2	31.2	2.8	4.1
1775	0	8	10.3	31.4	2.7	4.2
1776	0	9.7	10	31.4	2.4	4.3
1777	0	10.8	10	31.3	2	4.3
1778	0	9.7	10.2	31.3	2.2	5.1
1779	0	11.2	10.6	31.3	2	6
1780	0.31	11.8	10.9	31.2	1.5	6.7
1781	0.41	13.7	11.5	30.8	3.6	7.6
1782	0	10.3	11.1	30.5	6.4	6.8
1783	0	7	10.7	30.5	4.8	5.1
1784	0	9.6	10.6	30.8	4.8	3.8
1785	0	6.9	10.5	31	3.3	3.4
1786	0	12.4	10.8	31.1	2.4	3.4
1787	0	12.8	11.4	31	1.8	3.4
1788	0	7.8	10.7	30.9	3	3.8
1789	0.04	5.6	9.9	31.1	1.7	3.6
1790	0.07	9.8	10.1	31.2	1.9	3.8
1791	0	4.3	9.1	31.3	3.6	3.5
1792	0	4.8	8	31.3	2.3	3.4
1793	0	5.9	8.3	31.3	1.7	3.1
1794	0.02	11.4	9.25	31.3	3.7	3.6
1795	0.71	11.3	10.2	31.3	5.7	4.1
1796	0	3.9	9.2	31	7.7	4.1
