1	1450
2	2490
3	3250
4	3710
5	3980
6	4190
7	4280
8	4060
9	3480
10	2820
11	2500
12	2730
13	3060
14	3050
15	2440
16	1880
17	1620
18	1480
19	1420
20	1350
21	1320
22	1300
23	1360
24	1930
25	2740
26	3190
27	3330
28	3520
29	3700
30	3870
31	4100
32	4370
33	4760
34	5550
35	6360
36	6840
37	7050
38	7010
39	6580
40	5910
41	5220
42	4830
43	4670
44	4600
45	4390
46	3310
47	2950
48	3510
49	4390
50	5210
51	5790
52	6070
53	6200
54	6240
55	6130
56	5970
57	5840
58	5630
59	5070
60	3670
61	2620
62	2360
63	2150
64	2010
65	1900
66	1800
67	1710
68	1610
69	1540
70	1480
71	1490
72	1550
73	1720
74	1800
75	1930
76	2340
77	2660
78	3180
79	3620
80	3840
81	3930
82	3980
83	4090
84	4200
85	4460
86	4570
87	4660
88	4580
89	5340
90	5920
91	6520
92	7040
93	7230
94	7070
95	7110
96	7140
97	6730
98	5900
99	5080
100	4160
101	3370
102	3170
103	3220
104	4430
105	4790
106	4850
107	4370
108	3660
109	3040
110	2590
111	2250
112	1930
113	1690
114	1500
115	1360
116	1260
117	1180
118	1080
119	1000
120	933
121	862
122	819
123	840
124	1050
125	1410
126	1600
127	1650
128	1930
129	2380
130	2290
131	1970
132	2700
133	3270
134	3520
135	3730
136	3960
137	4160
138	4340
139	3820
140	2280
141	1890
142	1920
143	2080
144	2110
145	2130
146	2300
147	2380
148	2930
149	3670
150	4110
151	4350
152	3890
153	2490
154	2050
155	2330
156	2390
157	2160
158	1760
159	1370
160	1120
161	970
162	874
163	773
164	724
165	676
166	629
167	609
168	1490
169	2930
170	3260
171	2810
172	2210
173	1660
174	1150
175	1060
176	1180
177	1010
178	919
179	821
180	861
181	851
182	862
183	859
184	681
185	572
186	514
187	486
188	550
189	722
190	836
191	828
192	709
193	600
194	539
195	484
196	420
197	371
198	339
199	316
200	300
201	299
202	484
203	497
204	686
205	726
206	762
207	738
208	912
209	2040
210	2580
211	2640
212	1910
213	1600
214	2360
215	2850
216	2880
217	4370
218	7350
219	8240
220	9100
221	9660
222	10000
223	10100
224	10000
225	9800
226	8040
227	5960
228	4670
229	4200
230	3700
231	3210
232	2770
233	2450
234	2590
235	2380
236	1950
237	1910
238	1920
239	1820
240	1590
241	1530
242	1500
243	1310
244	1130
245	1200
246	978
247	1120
248	2290
249	3050
250	3840
251	4480
252	4930
253	5160
254	5220
255	5200
256	5180
257	5170
258	5280
259	5370
260	3490
261	1850
262	1570
263	1540
264	1330
265	1200
266	1260
267	1470
268	1500
269	1300
270	1150
271	1040
272	952
273	940
274	944
275	903
276	811
277	737
278	687
279	640
280	610
281	584
282	567
283	542
284	524
285	515
286	499
287	477
288	459
289	493
290	615
291	701
292	915
293	980
294	1110
295	1190
296	1100
297	988
298	867
299	768
300	704
301	667
302	637
303	617
304	594
305	577
306	570
307	567
308	560
309	554
310	551
311	538
312	532
313	535
314	533
315	518
316	514
317	510
318	509
319	518
320	525
321	521
322	603
323	705
324	994
325	1350
326	1610
327	1790
328	1690
329	1490
330	1310
331	1130
332	1040
333	975
334	918
335	1150
336	1440
337	2470
338	2820
339	2730
340	2220
341	1770
342	1650
343	1830
344	2690
345	3260
346	3580
347	3420
348	2460
349	2040
350	1810
351	1750
352	1910
353	2100
354	2110
355	2090
356	2110
357	2240
358	2240
359	2130
360	1970
361	1810
362	1960
363	2270
364	2920
365	3580
366	3850
367	3620
368	2960
369	2420
370	2250
371	2590
372	3010
373	3130
374	3350
375	3680
376	4300
377	4870
378	5650
379	6410
380	7150
381	8220
382	9560
383	11000
384	12300
385	13100
386	13100
387	12900
388	12800
389	12200
390	11400
391	10600
392	10100
393	9980
394	9990
395	10300
396	10400
397	10300
398	9850
399	9090
400	7470
401	6420
402	6090
403	6300
404	6950
405	7590
406	8090
407	8440
408	8520
409	8330
410	7710
411	5890
412	4370
413	4550
414	5560
415	6640
416	7820
417	8570
418	9250
419	9350
420	8810
421	7430
422	6670
423	6050
424	5810
425	5430
426	4780
427	4210
428	4050
429	3780
430	3320
431	2930
432	2710
433	2590
434	2500
435	2440
436	2400
437	2680
438	3030
439	4250
440	5040
441	5950
442	7310
443	9690
444	11600
445	13300
446	15900
447	19600
448	22200
449	22000
450	20200
451	18100
452	16900
453	15000
454	13300
455	10300
456	8160
457	6400
458	5790
459	5360
460	5340
461	5350
462	4500
463	3500
464	2900
465	2500
466	2380
467	2350
468	2400
469	2400
470	2710
471	3390
472	4070
473	4370
474	4110
475	3270
476	2720
477	2290
478	2010
479	1820
480	1680
481	1580
482	1510
483	1440
484	1420
485	1420
486	1460
487	1600
488	1640
489	1640
490	1580
491	1560
492	1530
493	1430
494	1290
495	1150
496	1050
497	1000
498	957
499	901
500	865
501	892
502	1100
503	1390
504	1610
505	1980
506	2440
507	2760
508	2410
509	1770
510	1330
511	1050
512	942
513	927
514	934
515	1080
516	1280
517	1390
518	1550
519	1510
520	1440
521	1260
522	1050
523	874
524	747
525	674
526	623
527	572
528	587
529	675
530	782
531	725
532	613
533	560
534	540
535	506
536	483
537	475
538	457
539	442
540	423
541	388
542	354
543	321
544	357
545	357
546	348
547	445
548	496
549	401
550	341
551	306
552	293
553	358
554	447
555	438
556	524
557	500
558	574
559	1360
560	2750
561	3370
562	4240
563	5090
564	6720
565	8380
566	9470
567	11000
568	12300
569	13900
570	14900
571	14800
572	14500
573	13000
574	10300
575	7700
576	4070
577	1890
578	1360
579	1140
580	1030
581	964
582	885
583	813
584	916
585	944
586	1070
587	1000
588	1000
589	911
590	775
591	699
592	648
593	598
594	567
595	547
596	546
597	525
598	503
599	487
600	494
601	507
602	529
603	503
604	480
605	469
606	450
607	439
608	413
609	698
610	665
611	1170
612	1030
613	769
614	619
615	511
616	477
617	532
618	569
619	541
620	547
621	593
622	542
623	536
624	607
625	610
626	848
627	969
628	815
629	767
630	1040
631	2380
632	3680
633	4490
634	5150
635	5610
636	5950
637	6250
638	6440
639	6320
640	6160
641	5860
642	3460
643	1760
644	1360
645	1180
646	1040
647	1110
648	1230
649	1480
650	1490
651	1370
652	1230
653	1060
654	937
655	892
656	942
657	958
658	1150
659	1090
660	1020
661	915
662	818
663	757
664	701
665	683
666	670
667	655
668	639
669	613
670	606
671	594
672	581
673	572
674	571
675	579
676	572
677	558
678	555
679	542
680	557
681	569
682	676
683	1010
684	2630
685	3170
686	3230
687	2190
688	1570
689	1220
690	1060
691	971
692	954
693	1140
694	1510
695	1870
696	1810
697	1680
698	1500
699	1310
700	1190
701	1180
702	1220
703	1260
704	1210
705	1140
706	1090
707	1210
708	1570
709	2410
710	2820
711	2890
712	2580
713	2170
714	1840
715	1620
716	1540
717	1760
718	2170
719	2540
720	2480
721	2260
722	2040
723	1840
724	1670
725	1800
726	2310
727	3690
728	4480
729	4620
730	4960
731	5050
732	5010
733	5180
734	5390
735	5480
736	5460
737	5230
738	4440
739	3770
740	4100
741	4520
742	4660
743	4320
744	3510
745	2850
746	2550
747	2420
748	2370
749	2250
750	2060
751	1900
752	1810
753	1730
754	1680
755	1620
756	1660
757	3170
758	6040
759	6730
760	7690
761	8350
762	8530
763	8760
764	8930
765	9110
766	9270
767	9280
768	9090
769	8740
770	8180
771	6450
772	4520
773	3180
774	2690
775	2380
776	2200
777	2060
778	1990
779	1920
780	1860
781	1780
782	1700
783	1640
784	1610
785	1680
786	1720
787	1650
788	1560
789	1470
790	1390
791	1320
792	1280
793	1230
794	1210
795	1180
796	1230
797	1340
798	1430
799	1490
800	1480
801	1630
802	2000
803	2310
804	2180
805	1980
806	1930
807	2210
808	2970
809	3640
810	3550
811	2720
812	2230
813	1870
814	1630
815	1370
816	1370
817	1320
818	1290
819	1240
820	1220
821	1300
822	1670
823	2080
824	2340
825	2390
826	2180
827	1770
828	1450
829	1260
830	1140
831	1050
832	997
833	945
834	899
835	851
836	813
837	783
838	758
839	733
840	716
841	671
842	628
843	602
844	582
845	554
846	543
847	507
848	461
849	426
850	420
851	416
852	455
853	684
854	925
855	1120
856	1090
857	978
858	802
859	912
860	1090
861	1170
862	1070
863	1130
864	1270
865	1150
866	1150
867	1260
868	2230
869	2840
870	2760
871	2200
872	1690
873	1220
874	879
875	707
876	613
877	543
878	475
879	441
880	404
881	366
882	421
883	1130
884	1150
885	1640
886	1870
887	2130
888	2530
889	2270
890	1670
891	1180
892	861
893	661
894	539
895	465
896	401
897	397
898	468
899	399
900	380
901	583
902	953
903	1150
904	1250
905	1500
906	1520
907	1460
908	1070
909	828
910	764
911	1290
912	1530
913	1340
914	1150
915	979
916	788
917	593
918	477
919	519
920	517
921	499
922	499
923	547
924	970
925	573
926	389
927	337
928	306
929	282
930	276
931	254
932	243
933	241
934	239
935	249
936	394
937	1030
938	604
939	386
940	316
941	250
942	213
943	210
944	208
945	195
946	239
947	231
948	330
949	375
950	268
951	319
952	295
953	240
954	283
955	269
956	222
957	208
958	195
959	189
960	176
961	177
962	248
963	231
964	318
965	341
966	228
967	231
968	250
969	223
970	213
971	190
972	190
973	177
974	159
975	155
976	151
977	157
978	155
979	143
980	165
981	159
982	149
983	146
984	146
985	149
986	138
987	315
988	352
989	431
990	541
991	1090
992	1210
993	955
994	749
995	551
996	417
997	344
998	307
999	278
1000	254
1001	239
1002	231
1003	245
1004	273
1005	257
1006	252
1007	237
1008	237
1009	235
1010	222
1011	222
1012	218
1013	255
1014	236
1015	402
1016	634
1017	500
1018	400
1019	340
1020	307
1021	298
1022	287
1023	261
1024	309
1025	359
1026	1190
1027	2030
1028	1820
1029	1250
1030	920
1031	698
1032	629
1033	611
1034	528
1035	477
1036	435
1037	437
1038	474
1039	447
1040	407
1041	386
1042	375
1043	358
1044	348
1045	332
1046	324
1047	358
1048	359
1049	356
1050	593
1051	660
1052	806
1053	1040
1054	993
1055	877
1056	747
1057	654
1058	582
1059	529
1060	502
1061	478
1062	475
1063	494
1064	558
1065	628
1066	938
1067	1120
1068	1170
1069	1040
1070	886
1071	764
1072	748
1073	826
1074	1930
1075	2690
1076	3080
1077	3410
1078	3530
1079	4010
1080	4540
1081	5390
1082	5660
1083	5550
1084	4990
1085	3110
1086	2820
1087	2440
1088	2250
1089	2050
1090	1850
1091	1850
1092	1890
1093	2070
1094	2160
1095	2060
1096	1890
1097	1680
1098	1500
1099	1370
1100	1240
1101	1200
1102	1190
1103	1290
1104	1420
1105	1720
1106	4000
1107	5360
1108	5990
1109	6730
1110	7360
1111	7910
1112	8150
1113	8200
1114	8000
1115	6900
1116	5400
1117	3200
1118	2570
1119	2210
1120	1980
1121	1950
1122	1980
1123	2020
1124	2010
1125	2010
1126	2000
1127	1920
1128	1690
1129	1520
1130	1430
1131	1370
1132	1350
1133	1370
1134	1310
1135	1240
1136	1160
1137	1100
1138	1080
1139	1080
1140	1090
1141	1120
1142	1160
1143	1210
1144	1230
1145	1210
1146	1140
1147	1130
1148	1170
1149	1220
1150	1180
1151	1210
1152	1460
1153	2080
1154	2550
1155	2910
1156	3410
1157	4140
1158	4470
1159	4300
1160	3370
1161	3280
1162	4440
1163	5040
1164	5630
1165	6210
1166	6780
1167	7170
1168	7520
1169	8110
1170	8340
1171	8330
1172	8340
1173	8420
1174	8570
1175	8600
1176	8070
1177	7590
1178	7470
1179	7450
1180	7480
1181	7370
1182	7040
1183	6400
1184	4580
1185	3160
1186	2960
1187	3540
1188	3910
1189	3900
1190	3430
1191	2880
1192	2870
1193	3450
1194	3940
1195	4140
1196	4140
1197	3160
1198	2230
1199	1910
1200	1700
1201	1550
1202	1400
1203	1290
1204	1190
1205	1100
1206	1040
1207	989
1208	967
1209	941
1210	917
1211	921
1212	923
1213	959
1214	953
1215	882
1216	812
1217	735
1218	671
1219	16700
1220	16200
1221	15800
1222	15200
1223	14400
1224	13300
1225	12000
1226	10700
1227	9650
1228	8970
1229	8790
1230	8980
1231	9370
1232	9610
1233	9560
1234	9360
1235	8980
1236	8380
1237	7540
1238	6050
1239	3550
1240	2080
1241	1690
1242	1430
1243	1210
1244	1070
1245	992
1246	903
1247	839
1248	792
1249	723
1250	671
1251	628
1252	598
1253	890
1254	1630
1255	2660
1256	3250
1257	3150
1258	3630
1259	3850
1260	3530
1261	390
1262	363
1263	349
1264	328
1265	322
1266	337
1267	307
1268	286
1269	274
1270	259
1271	259
1272	256
1273	274
1274	268
1275	268
1276	247
1277	229
1278	212
1279	223
1280	247
1281	400
1282	289
1283	220
1284	190
1285	185
1286	185
1287	213
1288	192
1289	201
1290	340
1291	394
1292	304
1293	262
1294	241
1295	220
1296	182
1297	168
1298	145
1299	136
1300	130
1301	128
1302	119
1303	223
1304	130
1305	118
1306	113
1307	108
1308	100
1309	113
1310	187
1311	160
1312	313
1313	343
1314	268
1315	229
1316	188
1317	156
1318	143
1319	136
1320	150
1321	138
1322	138
1323	158
1324	174
1325	150
1326	699
1327	1060
1328	807
1329	873
1330	736
1331	540
1332	375
1333	289
1334	238
1335	227
1336	185
1337	162
1338	148
1339	146
1340	136
1341	130
1342	126
1343	123
1344	123
1345	126
1346	158
1347	934
1348	2900
1349	4820
1350	5610
1351	6110
1352	6230
1353	4610
1354	1940
1355	1030
1356	732
1357	633
1358	615
1359	574
1360	512
1361	458
1362	418
1363	365
1364	322
1365	289
1366	262
1367	247
1368	229
1369	220
1370	208
1371	206
1372	195
1373	195
1374	235
1375	285
1376	218
1377	187
1378	188
1379	184
1380	185
1381	212
1382	339
1383	451
1384	581
1385	1040
1386	1120
1387	965
1388	824
1389	689
1390	576
1391	494
1392	424
1393	368
1394	334
1395	351
1396	387
1397	1790
1398	2760
1399	2810
1400	2040
1401	1540
1402	1160
1403	939
1404	801
1405	758
1406	3270
1407	5570
1408	5920
1409	6250
1410	6450
1411	6200
1412	5000
1413	3300
1414	2300
1415	1800
1416	1500
1417	1300
1418	1200
1419	1120
1420	1050
1421	981
1422	923
1423	941
1424	945
1425	946
1426	977
1427	978
1428	1050
1429	1060
1430	1030
1431	983
1432	1020
1433	1230
1434	1260
1435	1210
1436	1210
1437	1270
1438	1430
1439	1500
1440	1470
1441	1290
1442	1140
1443	1040
1444	1070
1445	1520
1446	2210
1447	3080
1448	3430
1449	3290
1450	3050
1451	3350
1452	3590
1453	4220
1454	4680
1455	4810
1456	4480
1457	3430
1458	2940
1459	2530
1460	2290
1461	2430
1462	2710
1463	2980
1464	2960
1465	2700
1466	2360
1467	2130
1468	2240
1469	2770
1470	3400
1471	3700
1472	4250
1473	4620
1474	4920
1475	5550
1476	6200
1477	6810
1478	7430
1479	8120
1480	8720
1481	9700
1482	10500
1483	11100
1484	12000
1485	12800
1486	13500
1487	14200
1488	14100
1489	13500
1490	12900
1491	12100
1492	11300
1493	10500
1494	10000
1495	9660
1496	9410
1497	8930
1498	7820
1499	5260
1500	3660
1501	3070
1502	2670
1503	2430
1504	2250
1505	2130
1506	2050
1507	2010
1508	2020
1509	2050
1510	2110
1511	2310
1512	2370
1513	2330
1514	2230
1515	2140
1516	2140
1517	2140
1518	2110
1519	2070
1520	2010
1521	1960
1522	1970
1523	2260
1524	2950
1525	3820
1526	4520
1527	4830
1528	4740
1529	4310
1530	4580
1531	5290
1532	6070
1533	6870
1534	7720
1535	8640
1536	9580
1537	10200
1538	10200
1539	9840
1540	9160
1541	7010
1542	4450
1543	2960
1544	2450
1545	2220
1546	2240
1547	4370
1548	5280
1549	5900
1550	6160
1551	6060
1552	5900
1553	5010
1554	3240
1555	2500
1556	2070
1557	1860
1558	1750
1559	1650
1560	1540
1561	1450
1562	1370
1563	1340
1564	1450
1565	1570
1566	1650
1567	1580
1568	1430
1569	1650
1570	2200
1571	3310
1572	3890
1573	3880
1574	3030
1575	2350
1576	1850
1577	3110
1578	5400
1579	6830
1580	7690
1581	10200
1582	13400
1583	15500
1584	16800
1585	17400
1586	16900
1587	16300
1588	15500
1589	14200
1590	12800
1591	11400
1592	10200
1593	9410
1594	9210
1595	9430
1596	9870
1597	10100
1598	10100
1599	9870
1600	9430
1601	8780
1602	7520
1603	5750
1604	3290
1605	2270
1606	1800
1607	1500
1608	1250
1609	1090
1610	1000
1611	927
1612	880
1613	845
1614	795
1615	758
1616	732
1617	703
1618	993
1619	1730
1620	2920
1621	3500
1622	3400
1623	3900
1624	4130
1625	3260
1626	2020
1627	1330
1628	977
1629	839
1630	745
1631	673
1632	622
1633	588
1634	572
1635	714
1636	581
1637	612
1638	670
1639	813
1640	1230
1641	1180
1642	957
1643	858
1644	746
1645	667
1646	623
1647	597
1648	571
1649	517
1650	481
1651	465
1652	445
1653	535
1654	547
1655	596
1656	716
1657	669
1658	796
1659	951
1660	2340
1661	3200
1662	3230
1663	2460
1664	1430
1665	957
1666	763
1667	858
1668	1260
1669	1280
1670	1420
1671	1760
1672	1750
1673	1310
1674	991
1675	927
1676	1010
1677	1610
1678	1590
1679	1680
1680	1810
1681	1850
1682	2100
1683	2250
1684	2300
1685	2010
1686	1780
1687	1730
1688	1360
1689	1090
1690	916
1691	848
1692	720
1693	653
1694	776
1695	815
1696	692
1697	572
1698	477
1699	425
1700	433
1701	436
1702	409
1703	368
1704	355
1705	334
1706	322
1707	373
1708	484
1709	649
1710	631
1711	528
1712	489
1713	445
1714	389
1715	341
1716	298
1717	311
1718	354
1719	313
1720	275
1721	267
1722	266
1723	256
1724	234
1725	221
1726	211
1727	197
1728	191
1729	182
1730	199
1731	254
1732	266
1733	235
1734	209
1735	291
1736	278
1737	241
1738	361
1739	398
1740	371
1741	316
1742	285
1743	257
1744	239
1745	224
1746	208
1747	196
1748	183
1749	174
1750	168
1751	162
1752	156
1753	154
1754	157
1755	153
1756	152
1757	152
1758	147
1759	142
1760	150
1761	143
1762	133
1763	132
1764	122
1765	132
1766	169
1767	155
1768	163
1769	154
1770	175
1771	160
1772	151
1773	252
1774	293
1775	477
1776	806
1777	635
1778	512
1779	441
1780	386
1781	354
1782	330
1783	304
1784	324
1785	396
1786	421
1787	412
1788	396
1789	397
1790	383
1791	381
1792	411
1793	458
1794	637
1795	1620
1796	1890
1797	2190
1798	1970
1799	1590
1800	1420
1801	1710
1802	2720
1803	3340
1804	3460
1805	2570
1806	2000
1807	1730
1808	1560
1809	1560
1810	1430
1811	1250
1812	1180
1813	1150
1814	1210
1815	1250
1816	1210
1817	1190
1818	1200
1819	1270
1820	1400
1821	1580
1822	1870
1823	2150
1824	2010
1825	1680
1826	1410
1827	1240
1828	1620
1829	2060
1830	2410
1831	2980
1832	3270
1833	2920
1834	2490
1835	2390
1836	2890
1837	3260
1838	3390
1839	3510
1840	3690
1841	4230
1842	4440
1843	4600
1844	4700
1845	5000
1846	5300
1847	5200
1848	5000
1849	4740
1850	5340
1851	5880
1852	6460
1853	7250
1854	8080
1855	8600
1856	8700
1857	8800
1858	8800
1859	8150
1860	5780
1861	3480
1862	2570
1863	2200
1864	2070
1865	1930
1866	1980
1867	2190
1868	2370
1869	2320
1870	2160
1871	2030
1872	1950
1873	1870
1874	1920
1875	2340
1876	2850
1877	2950
1878	2720
1879	3010
1880	3920
1881	4770
1882	5660
1883	6800
1884	8040
1885	10200
1886	12700
1887	14700
1888	16800
1889	18000
1890	18100
1891	18000
1892	17600
1893	16800
1894	15800
1895	14400
1896	12800
1897	11100
1898	9020
1899	8230
1900	7300
1901	6520
1902	5820
1903	4700
1904	3760
1905	3270
1906	2870
1907	2600
1908	2380
1909	3770
1910	5110
1911	5770
1912	6460
1913	7170
1914	7750
1915	8020
1916	7980
1917	7760
1918	6000
1919	4500
1920	3200
1921	3180
1922	4010
1923	4650
1924	5090
1925	5650
1926	6190
1927	6430
1928	6070
1929	4430
1930	3800
1931	3630
1932	3650
1933	3530
1934	3090
1935	2490
1936	2060
1937	1780
1938	1600
1939	1460
1940	1350
1941	1300
1942	1360
1943	1410
1944	1580
1945	1680
1946	1720
1947	1580
1948	1350
1949	1170
1950	1030
1951	987
1952	1240
1953	1680
1954	1530
1955	1200
1956	1080
1957	1140
1958	2580
1959	3060
1960	3380
1961	3830
1962	4350
1963	4990
1964	5770
1965	6550
1966	6980
1967	7040
1968	6760
1969	6330
1970	5690
1971	5270
1972	5170
1973	5510
1974	5720
1975	5680
1976	4040
1977	2500
1978	1990
1979	1760
1980	1640
1981	1610
1982	2880
1983	4180
1984	5010
1985	5940
1986	6820
1987	7510
1988	7850
1989	7900
1990	7600
1991	5270
1992	2440
1993	1560
1994	1880
1995	3290
1996	3980
1997	4080
1998	3210
1999	2150
2000	1650
2001	1420
2002	1480
2003	1630
2004	1530
2005	1290
2006	1060
2007	897
2008	856
2009	809
2010	801
2011	742
2012	731
2013	699
2014	657
2015	588
2016	537
2017	507
2018	472
2019	453
2020	461
2021	449
2022	461
2023	474
2024	473
2025	441
2026	432
2027	622
2028	1120
2029	1000
2030	849
2031	1040
2032	1240
2033	1260
2034	1780
2035	1650
2036	1130
2037	789
2038	625
2039	520
2040	490
2041	500
2042	460
2043	430
2044	380
2045	350
2046	360
2047	380
2048	330
2049	320
2050	310
2051	310
2052	260
2053	224
2054	213
2055	232
2056	233
2057	211
2058	195
2059	211
2060	246
2061	195
2062	353
2063	533
2064	730
2065	680
2066	620
2067	660
2068	700
2069	800
2070	900
2071	1100
2072	1900
2073	3500
2074	5000
2075	6000
2076	7960
2077	9380
2078	10700
2079	11400
2080	11000
2081	9530
2082	5690
2083	2120
2084	1270
2085	1360
2086	1220
2087	1130
2088	975
2089	840
2090	735
2091	673
2092	921
2093	1040
2094	1190
2095	1650
2096	1830
2097	1500
2098	1800
2099	2000
2100	2300
2101	3440
2102	3910
2103	3600
2104	3020
2105	2200
2106	1950
2107	2040
2108	1930
2109	1620
2110	1400
2111	1300
2112	1250
2113	1200
2114	1150
2115	1100
2116	1050
2117	1000
2118	960
2119	900
2120	840
2121	800
2122	760
2123	730
2124	720
2125	720
2126	780
2127	860
2128	760
2129	740
2130	700
2131	710
2132	820
2133	1200
2134	2000
2135	2800
2136	3300
2137	3500
2138	2570
2139	1490
2140	1250
2141	2260
2142	3630
2143	4390
2144	5110
2145	5700
2146	6240
2147	6730
2148	7210
2149	7640
2150	7890
2151	7740
2152	5810
2153	3210
2154	2100
2155	1860
2156	2200
2157	3190
2158	4410
2159	4940
2160	5470
2161	5900
2162	6200
2163	6140
2164	4590
2165	2740
2166	2130
2167	2080
2168	2320
2169	2540
2170	2450
2171	2240
2172	2020
2173	1850
2174	2000
2175	2070
2176	2000
2177	1890
2178	1820
2179	1710
2180	1580
2181	1500
2182	1400
2183	1300
2184	1300
2185	1500
2186	1650
2187	1600
2188	1500
2189	1400
2190	1300
2191	1250
2192	1200
2193	1200
2194	1400
2195	1500
2196	1700
2197	1900
2198	2150
2199	2400
2200	2800
2201	3100
2202	3500
2203	3800
2204	4000
2205	4200
2206	4400
2207	4640
2208	4660
2209	4200
2210	3530
2211	3760
2212	4370
2213	4760
2214	5300
2215	5700
2216	6180
2217	6430
2218	6540
2219	6570
2220	6460
2221	5530
2222	4100
2223	3310
2224	2860
2225	2600
2226	2370
2227	2160
2228	2040
2229	1990
2230	2060
2231	2210
2232	2770
2233	3570
2234	4440
2235	4920
2236	4930
2237	4560
2238	4000
2239	3570
2240	3430
2241	3430
2242	3260
2243	2870
2244	2570
2245	2510
2246	2530
2247	2570
2248	2770
2249	2870
2250	3030
2251	3050
2252	2780
2253	2490
2254	2210
2255	2100
2256	2500
2257	3780
2258	4990
2259	5630
2260	6280
2261	6780
2262	7110
2263	7170
2264	7120
2265	6760
2266	6160
2267	5850
2268	5740
2269	6110
2270	6240
2271	6480
2272	6930
2273	7270
2274	7410
2275	7470
2276	7540
2277	7650
2278	7830
2279	7930
2280	8160
2281	8220
2282	8370
2283	8380
2284	8230
2285	7930
2286	7360
2287	6020
2288	4540
2289	3360
2290	2900
2291	2570
2292	2420
2293	2330
2294	2180
2295	2160
2296	2310
2297	3800
2298	4710
2299	5440
2300	5760
2301	5790
2302	5790
2303	5430
2304	3340
2305	2290
2306	1940
2307	1690
2308	1490
2309	1340
2310	2660
2311	3370
2312	3430
2313	3180
2314	2670
2315	2120
2316	1740
2317	1500
2318	1330
2319	1190
2320	1070
2321	993
2322	931
2323	883
2324	838
2325	786
2326	732
2327	664
2328	638
2329	616
2330	655
2331	781
2332	2030
2333	2650
2334	2290
2335	2350
2336	2910
2337	3160
2338	3370
2339	3550
2340	3600
2341	3020
2342	1650
2343	1130
2344	875
2345	728
2346	711
2347	657
2348	613
2349	567
2350	509
2351	473
2352	500
2353	764
2354	1020
2355	815
2356	603
2357	500
2358	454
2359	422
2360	407
2361	435
2362	425
2363	413
2364	421
2365	395
2366	366
2367	338
2368	365
2369	617
2370	1360
2371	2240
2372	2890
2373	3250
2374	3160
2375	1740
2376	1050
2377	829
2378	661
2379	595
2380	577
2381	525
2382	508
2383	430
2384	408
2385	427
2386	426
2387	427
2388	387
2389	373
2390	399
2391	353
2392	308
2393	322
2394	382
2395	337
2396	360
2397	393
2398	349
2399	447
2400	400
2401	355
2402	368
2403	313
2404	294
2405	281
2406	328
2407	291
2408	253
2409	264
2410	236
2411	229
2412	214
2413	215
2414	214
2415	195
2416	190
2417	182
2418	180
2419	204
2420	217
2421	196
2422	165
2423	275
2424	352
2425	178
2426	205
2427	171
2428	158
2429	151
2430	155
2431	149
2432	145
2433	136
2434	125
2435	120
2436	111
2437	107
2438	143
2439	218
2440	152
2441	366
2442	340
2443	299
2444	324
2445	280
2446	236
2447	187
2448	153
2449	137
2450	121
2451	111
2452	114
2453	128
2454	124
2455	155
2456	261
2457	236
2458	185
2459	170
2460	479
2461	284
2462	311
2463	307
2464	262
2465	340
2466	540
2467	610
2468	685
2469	747
2470	650
2471	612
2472	553
2473	567
2474	582
2475	480
2476	416
2477	358
2478	306
2479	277
2480	253
2481	241
2482	232
2483	223
2484	223
2485	226
2486	220
2487	217
2488	220
2489	229
2490	487
2491	533
2492	543
2493	536
2494	526
2495	516
2496	526
2497	536
2498	605
2499	598
2500	578
2501	703
2502	685
2503	712
2504	697
2505	640
2506	567
2507	504
2508	463
2509	426
2510	402
2511	386
2512	390
2513	381
2514	426
2515	503
2516	691
2517	892
2518	840
2519	794
2520	751
2521	754
2522	820
2523	1040
2524	1020
2525	941
2526	878
2527	814
2528	745
2529	686
2530	638
2531	597
2532	564
2533	546
2534	528
2535	516
2536	566
2537	651
2538	712
2539	867
2540	907
2541	875
2542	817
2543	766
2544	706
2545	665
2546	642
2547	620
2548	585
2549	617
2550	673
2551	726
2552	781
2553	789
2554	1020
2555	1500
2556	1930
2557	2160
2558	2070
2559	1820
2560	1550
2561	1340
2562	1170
2563	1010
2564	944
2565	927
2566	935
2567	924
2568	877
2569	818
2570	703
2571	664
2572	694
2573	734
2574	726
2575	697
2576	668
2577	646
2578	685
2579	745
2580	864
2581	1060
2582	1060
2583	979
2584	913
2585	875
2586	832
2587	796
2588	774
2589	748
2590	868
2591	1030
2592	1230
2593	1350
2594	1250
2595	1140
2596	1080
2597	1030
2598	1040
2599	1290
2600	1670
2601	2600
2602	3130
2603	3280
2604	2870
2605	2090
2606	1640
2607	1460
2608	1470
2609	2580
2610	3780
2611	4240
2612	4400
2613	4070
2614	3130
2615	2120
2616	1730
2617	1460
2618	1330
2619	1250
2620	1190
2621	1220
2622	1300
2623	1650
2624	1890
2625	1820
2626	1570
2627	1340
2628	1200
2629	1120
2630	1040
2631	981
2632	922
2633	874
2634	830
2635	808
2636	792
2637	762
2638	744
2639	770
2640	791
2641	984
2642	1560
2643	1890
2644	1770
2645	1420
2646	1160
2647	1040
2648	1030
2649	1110
2650	1140
2651	1170
2652	1170
2653	1120
2654	1020
2655	1000
2656	984
2657	1010
2658	1010
2659	978
2660	957
2661	908
2662	859
2663	799
2664	729
2665	668
2666	625
2667	608
2668	596
2669	576
2670	571
2671	572
2672	578
2673	574
2674	551
2675	525
2676	495
2677	463
2678	434
2679	383
2680	354
2681	339
2682	333
2683	331
2684	350
2685	379
2686	358
2687	408
2688	408
2689	381
2690	398
2691	417
2692	640
2693	569
2694	399
2695	336
2696	311
2697	419
2698	466
2699	466
2700	526
2701	515
2702	427
2703	362
2704	325
2705	348
2706	2000
2707	2700
2708	2360
2709	1780
2710	1120
2711	952
2712	934
2713	1040
2714	1010
2715	1070
2716	1510
2717	1570
2718	1290
2719	961
2720	744
2721	577
2722	458
2723	397
2724	354
2725	322
2726	348
2727	482
2728	784
2729	864
2730	816
2731	596
2732	469
2733	437
2734	364
2735	298
2736	249
2737	217
2738	200
2739	189
2740	184
2741	242
2742	536
2743	665
2744	1210
2745	2350
2746	2850
2747	3120
2748	2770
2749	1410
2750	744
2751	490
2752	392
2753	329
2754	261
2755	225
2756	235
2757	217
2758	211
2759	193
2760	187
2761	256
2762	321
2763	271
2764	230
2765	188
2766	205
2767	479
2768	411
2769	285
2770	309
2771	307
2772	229
2773	185
2774	151
2775	158
2776	183
2777	183
2778	320
2779	372
2780	523
2781	3870
2782	4270
2783	5000
2784	5300
2785	4100
2786	2300
2787	1270
2788	1290
2789	2490
2790	3040
2791	4920
2792	6170
2793	6840
2794	7120
2795	5920
2796	3620
2797	2040
2798	1400
2799	1080
2800	911
2801	819
2802	871
2803	997
2804	906
2805	744
2806	630
2807	573
2808	675
2809	789
2810	1910
2811	2640
2812	3050
2813	2670
2814	1260
2815	816
2816	682
2817	710
2818	643
2819	566
2820	490
2821	409
2822	382
2823	358
2824	331
2825	320
2826	300
2827	280
2828	260
2829	240
2830	220
2831	210
2832	205
2833	197
2834	192
2835	188
2836	180
2837	179
2838	177
2839	177
2840	178
2841	176
2842	175
2843	174
2844	173
2845	172
2846	171
2847	170
2848	170
2849	169
2850	166
2851	169
2852	167
2853	158
2854	153
2855	183
2856	196
2857	256
2858	573
2859	1120
2860	2090
2861	2620
2862	2220
2863	1220
2864	833
2865	665
2866	608
2867	586
2868	560
2869	594
2870	595
2871	557
2872	493
2873	378
2874	335
2875	322
2876	311
2877	304
2878	316
2879	321
2880	323
2881	338
2882	386
2883	394
2884	381
2885	365
2886	356
2887	370
2888	428
2889	445
2890	417
2891	411
2892	404
2893	438
2894	463
2895	498
2896	584
2897	564
2898	521
2899	480
2900	445
2901	418
2902	398
2903	375
2904	364
2905	390
2906	573
2907	757
2908	1470
2909	2540
2910	2990
2911	2710
2912	2000
2913	1500
2914	1310
2915	1270
2916	1480
2917	1550
2918	2430
2919	3130
2920	3620
2921	3780
2922	3090
2923	2530
2924	3130
2925	4240
2926	5050
2927	5670
2928	6400
2929	7350
2930	8440
2931	9380
2932	9870
2933	9730
2934	9110
2935	7600
2936	5440
2937	3390
2938	2600
2939	2350
2940	2400
2941	2600
2942	2910
2943	3410
2944	3920
2945	4340
2946	5100
2947	5590
2948	6080
2949	6570
2950	6900
2951	6950
2952	6710
2953	6270
2954	5700
2955	4460
2956	4000
2957	4030
2958	4640
2959	5840
2960	6420
2961	7030
2962	7590
2963	8000
2964	8110
2965	7820
2966	7320
2967	6600
2968	6080
2969	5850
2970	5850
2971	5930
2972	6060
2973	6280
2974	6440
2975	6450
2976	6280
2977	5910
2978	5340
2979	4370
2980	3870
2981	3690
2982	4180
2983	4920
2984	5400
2985	5670
2986	5740
2987	5690
2988	5740
2989	5970
2990	6400
2991	7070
2992	7900
2993	8540
2994	8730
2995	8480
2996	7910
2997	7190
2998	6410
2999	5810
3000	5270
3001	4560
3002	3970
3003	3770
3004	4080
3005	4320
3006	4350
3007	4220
3008	3950
3009	3360
3010	2790
3011	2470
3012	2280
3013	2200
3014	2230
3015	2040
3016	1800
3017	1680
3018	1570
3019	1470
3020	1400
3021	1400
3022	1450
3023	1810
3024	1990
3025	1890
3026	1710
3027	1530
3028	1380
3029	1270
3030	1290
3031	1420
3032	1740
3033	1810
3034	1800
3035	1920
3036	1800
3037	1600
3038	1500
3039	1660
3040	2970
3041	4720
3042	5380
3043	5770
3044	5510
3045	3670
3046	2470
3047	2010
3048	1720
3049	1510
3050	1330
3051	1150
3052	1030
3053	941
3054	869
3055	802
3056	729
3057	653
3058	585
3059	528
3060	529
3061	670
3062	792
3063	696
3064	640
3065	628
3066	614
3067	659
3068	1240
3069	1900
3070	2560
3071	2870
3072	3210
3073	3260
3074	2860
3075	2220
3076	2070
3077	2500
3078	3780
3079	4270
3080	5140
3081	5910
3082	6620
3083	7280
3084	7750
3085	7830
3086	7560
3087	7120
3088	6790
3089	6860
3090	7230
3091	7470
3092	7730
3093	7830
3094	7660
3095	7270
3096	6740
3097	6170
3098	5210
3099	3460
3100	2130
3101	1640
3102	1450
3103	1570
3104	1880
3105	2070
3106	2090
3107	1860
3108	1660
3109	1630
3110	1880
3111	1940
3112	1730
3113	1550
3114	1250
3115	1150
3116	1110
3117	1230
3118	2550
3119	3600
3120	4070
3121	3030
3122	2090
3123	1480
3124	1240
3125	1160
3126	1000
3127	1000
3128	1330
3129	1160
3130	875
3131	941
3132	936
3133	981
3134	1420
3135	3050
3136	4130
3137	3950
3138	3660
3139	2440
3140	1810
3141	1400
3142	1120
3143	965
3144	984
3145	1020
3146	5050
3147	3950
3148	3950
3149	4030
3150	3890
3151	3820
3152	3810
3153	3630
3154	2100
3155	1770
3156	1660
3157	1140
3158	908
3159	869
3160	905
3161	810
3162	686
3163	596
3164	566
3165	533
3166	507
3167	480
3168	507
3169	538
3170	527
3171	489
3172	446
3173	413
3174	396
3175	385
3176	384
3177	379
3178	363
3179	325
3180	306
3181	319
3182	304
3183	291
3184	287
3185	364
3186	487
3187	384
3188	393
3189	457
3190	417
3191	480
3192	526
3193	593
3194	729
3195	620
3196	490
3197	428
3198	384
3199	349
3200	324
3201	305
3202	297
3203	290
3204	284
3205	285
3206	305
3207	314
3208	364
3209	361
3210	353
3211	409
3212	482
3213	384
3214	331
3215	306
3216	286
3217	289
3218	279
3219	299
3220	461
3221	601
3222	1930
3223	2610
3224	2870
3225	3020
3226	2470
3227	1310
3228	850
3229	752
3230	912
3231	799
3232	685
3233	751
3234	1140
3235	1100
3236	813
3237	686
3238	658
3239	758
3240	747
3241	972
3242	1090
3243	1470
3244	1250
3245	953
3246	863
3247	1020
3248	1040
3249	1010
3250	976
3251	865
3252	1060
3253	1010
3254	940
3255	940
3256	977
3257	1130
3258	1120
3259	980
3260	900
3261	910
3262	1240
3263	1480
3264	2170
3265	2020
3266	1530
3267	1370
3268	2150
3269	3030
3270	3840
3271	4330
3272	4610
3273	4820
3274	4990
3275	5040
3276	4930
3277	4750
3278	4600
3279	4470
3280	3480
3281	2290
3282	1890
3283	1730
3284	1670
3285	1640
3286	1710
3287	2060
3288	2330
3289	2730
3290	3290
3291	3650
3292	4020
3293	4420
3294	4750
3295	5020
3296	5080
3297	4330
3298	3290
3299	2810
3300	2800
3301	2790
3302	2520
3303	1940
3304	1670
3305	1530
3306	1430
3307	1340
3308	1260
3309	1300
3310	1520
3311	2050
3312	2460
3313	2660
3314	3310
3315	3240
3316	2750
3317	2600
3318	2370
3319	2130
3320	1980
3321	2280
3322	3580
3323	4130
3324	4610
3325	5190
3326	5570
3327	5930
3328	6220
3329	6700
3330	6940
3331	7260
3332	8230
3333	9970
3334	10300
3335	10900
3336	11500
3337	11700
3338	11400
3339	10700
3340	9940
3341	8970
3342	7130
3343	5870
3344	5640
3345	5640
3346	5750
3347	6140
3348	6520
3349	6710
3350	6910
3351	7090
3352	7090
3353	7270
3354	6990
3355	6720
3356	6550
3357	6450
3358	6380
3359	6250
3360	6060
3361	5800
3362	5530
3363	5150
3364	5780
3365	7680
3366	8630
3367	10100
3368	11700
3369	13100
3370	13600
3371	13400
3372	12500
3373	11800
3374	11200
3375	10900
3376	10800
3377	10800
3378	10800
3379	10500
3380	10100
3381	9820
3382	9490
3383	9100
3384	8620
3385	8060
3386	7800
3387	7930
3388	8270
3389	8340
3390	8050
3391	7470
3392	6590
3393	6150
3394	5690
3395	5520
3396	5690
3397	5860
3398	5920
3399	5860
3400	5790
3401	5930
3402	6120
3403	6230
3404	6190
3405	5940
3406	5640
3407	5390
3408	5120
3409	4540
3410	3560
3411	3280
3412	3170
3413	3220
3414	3210
3415	3210
3416	2420
3417	2010
3418	1830
3419	1700
3420	1420
3421	1190
3422	1400
3423	1420
3424	1520
3425	1630
3426	1750
3427	1790
3428	1880
3429	3600
3430	4540
3431	5870
3432	7230
3433	8010
3434	8480
3435	8280
3436	7620
3437	6680
3438	5750
3439	5130
3440	4760
3441	4480
3442	4370
3443	4410
3444	4200
3445	3230
3446	3230
3447	3330
3448	3910
3449	4060
3450	3050
3451	2090
3452	1580
3453	1230
3454	1060
3455	951
3456	864
3457	807
3458	718
3459	740
3460	1040
3461	1390
3462	1390
3463	1200
3464	981
3465	817
3466	713
3467	637
3468	633
3469	1100
3470	1830
3471	2080
3472	1650
3473	1110
3474	927
3475	1000
3476	1200
3477	1130
3478	938
3479	739
3480	593
3481	513
3482	465
3483	423
3484	403
3485	385
3486	369
3487	353
3488	390
3489	373
3490	355
3491	352
3492	380
3493	477
3494	508
3495	480
3496	437
3497	380
3498	342
3499	319
3500	293
3501	274
3502	271
3503	277
3504	426
3505	476
3506	359
3507	325
3508	319
3509	293
3510	319
3511	271
3512	237
3513	225
3514	274
3515	240
3516	213
3517	209
3518	207
3519	206
3520	196
3521	190
3522	185
3523	201
3524	180
3525	232
3526	333
3527	247
3528	283
3529	217
3530	204
3531	232
3532	260
3533	269
3534	247
3535	222
3536	211
3537	191
3538	179
3539	169
3540	162
3541	163
3542	165
3543	185
3544	221
3545	213
3546	417
3547	506
3548	325
3549	242
3550	234
3551	285
3552	666
3553	415
3554	472
3555	476
3556	398
3557	340
3558	289
3559	264
3560	256
3561	248
3562	240
3563	226
3564	220
3565	212
3566	204
3567	210
3568	226
3569	235
3570	221
3571	205
3572	208
3573	223
3574	225
3575	235
3576	257
3577	289
3578	233
3579	205
3580	194
3581	196
3582	201
3583	235
3584	328
3585	464
3586	1090
3587	819
3588	597
3589	457
3590	383
3591	338
3592	312
3593	292
3594	288
3595	298
3596	278
3597	271
3598	276
3599	280
3600	281
3601	363
3602	312
3603	314
3604	352
3605	348
3606	323
3607	346
3608	343
3609	680
3610	740
3611	615
3612	531
3613	474
3614	524
3615	573
3616	717
3617	714
3618	1210
3619	1280
3620	992
3621	812
3622	712
3623	636
3624	774
3625	897
3626	1040
3627	2110
3628	2950
3629	3980
3630	4440
3631	4870
3632	5040
3633	4960
3634	4020
3635	3890
3636	4200
3637	4500
3638	4700
3639	4830
3640	4950
3641	4990
3642	4830
3643	3990
3644	2980
3645	3000
3646	3290
3647	3430
3648	3320
3649	3030
3650	2850
3651	3320
3652	3730
3653	3770
3654	3670
3655	3440
3656	3190
3657	3040
3658	2960
3659	2900
3660	2740
3661	2470
3662	2360
3663	2800
3664	3820
3665	4340
3666	4970
3667	5650
3668	6410
3669	7060
3670	7500
3671	7780
3672	7760
3673	7700
3674	7660
3675	7720
3676	7810
3677	7800
3678	7570
3679	7200
3680	6800
3681	6370
3682	5790
3683	4610
3684	3580
3685	3090
3686	2820
3687	2680
3688	2580
3689	2720
3690	2800
3691	2900
3692	3360
3693	3630
3694	3660
3695	3570
3696	3050
3697	2980
3698	4160
3699	4930
3700	5800
3701	6670
3702	7300
3703	7490
3704	7200
3705	6690
3706	6570
3707	6920
3708	7220
3709	7480
3710	7790
3711	8290
3712	8530
3713	8640
3714	8760
3715	8810
3716	8630
3717	8260
3718	7960
3719	7890
3720	7980
3721	8140
3722	8230
3723	8140
3724	7900
3725	7750
3726	7820
3727	7940
3728	8150
3729	8310
3730	8290
3731	8180
3732	7980
3733	8010
3734	8050
3735	8040
3736	8100
3737	8300
3738	8550
3739	8600
3740	8690
3741	8870
3742	8630
3743	8400
3744	8500
3745	8920
3746	9440
3747	9820
3748	9940
3749	9510
3750	8970
3751	8330
3752	7570
3753	7070
3754	6930
3755	7030
3756	7270
3757	7470
3758	7640
3759	7840
3760	7790
3761	7640
3762	7700
3763	7960
3764	7950
3765	7550
3766	6900
3767	6000
3768	5530
3769	5700
3770	6100
3771	6270
3772	5970
3773	5210
3774	4650
3775	4320
3776	4280
3777	4070
3778	3620
3779	3080
3780	2700
3781	2620
3782	3250
3783	3880
3784	4280
3785	4370
3786	4200
3787	2970
3788	2120
3789	1750
3790	1570
3791	1420
3792	1240
3793	1080
3794	978
3795	889
3796	772
3797	939
3798	812
3799	844
3800	804
3801	765
3802	1080
3803	2790
3804	4310
3805	5930
3806	7770
3807	8650
3808	9350
3809	9490
3810	9030
3811	7360
3812	5900
3813	4330
3814	2460
3815	1520
3816	1230
3817	1100
3818	915
3819	793
3820	730
3821	698
3822	719
3823	752
3824	764
3825	741
3826	793
3827	880
3828	769
3829	678
3830	682
3831	635
3832	619
3833	670
3834	776
3835	1430
3836	1860
3837	2310
3838	2060
3839	1660
3840	1190
3841	955
3842	1150
3843	1290
3844	1070
3845	880
3846	738
3847	917
3848	1070
3849	1930
3850	2410
3851	3770
3852	4790
3853	5440
3854	6020
3855	6710
3856	7750
3857	8610
3858	8610
3859	7870
3860	6190
3861	4810
3862	4520
3863	4660
3864	5070
3865	5150
3866	5430
3867	5650
3868	5610
3869	5350
3870	4790
3871	4220
3872	3860
3873	3540
3874	3270
3875	2070
3876	1570
3877	1970
3878	2100
3879	2290
3880	2390
3881	2790
3882	2970
3883	2890
3884	1920
3885	1400
3886	1220
3887	1110
3888	902
3889	923
3890	1220
3891	1490
3892	1260
3893	1060
3894	886
3895	833
3896	858
3897	869
3898	877
3899	828
3900	765
3901	750
3902	723
3903	664
3904	673
3905	728
3906	692
3907	623
3908	736
3909	1280
3910	5760
3911	7760
3912	8690
3913	9540
3914	9370
3915	6530
3916	3740
3917	2270
3918	1720
3919	1380
3920	1190
3921	1070
3922	1010
3923	960
3924	905
3925	947
3926	993
3927	1090
3928	1360
3929	1840
3930	1710
3931	1430
3932	1210
3933	1020
3934	924
3935	877
3936	859
3937	838
3938	786
3939	721
3940	663
3941	635
3942	616
3943	602
3944	592
3945	592
3946	631
3947	664
3948	664
3949	657
3950	685
3951	734
3952	728
3953	711
3954	696
3955	687
3956	687
3957	729
3958	749
3959	720
3960	685
3961	649
3962	672
3963	647
3964	656
3965	662
3966	641
3967	616
3968	596
3969	579
3970	589
3971	625
3972	587
3973	567
3974	549
3975	544
3976	546
3977	533
3978	545
3979	555
3980	562
3981	560
3982	558
3983	550
3984	561
3985	596
3986	687
3987	784
3988	1000
3989	979
3990	908
3991	917
3992	1490
3993	1540
3994	1570
3995	1950
3996	1720
3997	1390
3998	1210
3999	1100
4000	1000
4001	887
4002	832
4003	796
4004	770
4005	755
4006	734
4007	713
4008	707
4009	697
4010	688
4011	679
4012	681
4013	654
4014	638
4015	613
4016	596
4017	578
4018	586
4019	580
4020	560
4021	643
4022	1540
4023	3440
4024	4560
4025	4990
4026	4850
4027	4090
4028	3600
4029	3600
4030	3640
4031	3380
4032	2750
4033	2090
4034	1780
4035	1530
4036	1480
4037	1570
4038	1670
4039	1660
4040	1490
4041	1320
4042	1280
4043	1270
4044	1270
4045	1270
4046	1230
4047	1260
4048	1300
4049	1440
4050	1800
4051	3510
4052	4550
4053	5280
4054	5900
4055	6880
4056	7530
4057	7810
4058	7790
4059	7430
4060	6740
4061	6600
4062	6900
4063	7400
4064	8030
4065	8500
4066	8660
4067	8500
4068	8090
4069	7630
4070	7210
4071	6840
4072	6500
4073	6150
4074	5810
4075	4850
4076	3500
4077	3710
4078	4050
4079	4270
4080	4480
4081	4010
4082	2730
4083	2200
4084	1830
4085	1610
4086	1630
4087	1710
4088	1880
4089	1800
4090	1430
4091	1320
4092	1290
4093	1330
4094	1370
4095	1330
4096	1320
4097	1270
4098	1120
4099	1120
4100	1370
4101	2030
4102	2300
4103	2110
4104	2040
4105	2090
4106	2000
4107	1860
4108	1720
4109	1620
4110	1540
4111	1410
4112	1190
4113	1070
4114	909
4115	818
4116	822
4117	842
4118	812
4119	738
4120	680
4121	671
4122	699
4123	747
4124	913
4125	1120
4126	1320
4127	1540
4128	1340
4129	1080
4130	923
4131	851
4132	769
4133	674
4134	575
4135	523
4136	530
4137	558
4138	553
4139	541
4140	529
4141	535
4142	535
4143	593
4144	697
4145	602
4146	541
4147	517
4148	495
4149	479
4150	492
4151	506
4152	526
4153	707
4154	606
4155	512
4156	568
4157	599
4158	569
4159	528
4160	485
4161	471
4162	510
4163	588
4164	571
4165	471
4166	446
4167	454
4168	435
4169	422
4170	404
4171	443
4172	532
4173	532
4174	519
4175	523
4176	527
4177	596
4178	571
4179	550
4180	531
4181	513
4182	494
4183	483
4184	563
4185	543
4186	502
4187	542
4188	634
4189	729
4190	810
4191	733
4192	608
4193	552
4194	513
4195	489
4196	473
4197	495
4198	505
4199	530
4200	611
4201	862
4202	1020
4203	927
4204	710
4205	626
4206	641
4207	556
4208	471
4209	438
4210	516
4211	438
4212	506
4213	561
4214	490
4215	426
4216	541
4217	477
4218	484
4219	437
4220	391
4221	384
4222	373
4223	396
4224	487
4225	564
4226	1270
4227	1770
4228	1840
4229	1920
4230	2140
4231	1930
4232	1470
4233	1390
4234	1600
4235	1260
4236	942
4237	768
4238	688
4239	677
4240	839
4241	657
4242	642
4243	573
4244	511
4245	480
4246	489
4247	570
4248	535
4249	830
4250	963
4251	1070
4252	818
4253	640
4254	682
4255	624
4256	589
4257	585
4258	842
4259	852
4260	739
4261	649
4262	650
4263	531
4264	382
4265	327
4266	295
4267	272
4268	234
4269	232
4270	246
4271	230
4272	222
4273	215
4274	206
4275	197
4276	179
4277	177
4278	169
4279	165
4280	165
4281	177
4282	171
4283	193
4284	203
4285	179
4286	186
4287	206
4288	348
4289	217
4290	212
4291	207
4292	186
4293	174
4294	170
4295	414
4296	529
4297	682
4298	648
4299	592
4300	517
4301	433
4302	379
4303	377
4304	400
4305	395
4306	390
4307	399
4308	406
4309	410
4310	420
4311	364
4312	406
4313	484
4314	507
4315	578
4316	581
4317	531
4318	484
4319	456
4320	423
4321	412
4322	406
4323	395
4324	413
4325	432
4326	562
4327	675
4328	883
4329	1070
4330	880
4331	1180
4332	1260
4333	865
4334	621
4335	608
4336	542
4337	515
4338	517
4339	510
4340	502
4341	485
4342	487
4343	507
4344	601
4345	2130
4346	2760
4347	2980
4348	3190
4349	3360
4350	3430
4351	3460
4352	3920
4353	4470
4354	4780
4355	4990
4356	5180
4357	5290
4358	5160
4359	4930
4360	4820
4361	4800
4362	4820
4363	4850
4364	4870
4365	4980
4366	5050
4367	4770
4368	3740
4369	2940
4370	2560
4371	2220
4372	2050
4373	1810
4374	1470
4375	1240
4376	1140
4377	1100
4378	1050
4379	941
4380	863
4381	825
4382	801
4383	774
