0.04	7	-3	15.3
0.08	8	-3	14.7
0.13	6	-3	14.3
0.17	5	-3	14.1
0.21	3	0	13.8
0.25	4	44	14.2
0.29	9	215	17.2
0.33	25	358	22.2
0.38	46	565	25.4
0.42	53	485	25.3
0.46	55	422	25.5
0.50	59	768	27.8
0.54	65	594	28.1
0.58	74	317	27.8
0.63	80	319	27.9
0.67	80	524	28.9
0.71	93	240	27.8
0.75	100	178	26.2
0.79	81	47	24.8
0.83	61	-1	23.6
0.88	44	-3	21.1
0.92	37	-3	20
0.96	30	-3	19.6
1.00	26	-3	19.2
1.04	24	-3	18.7
1.08	21	-3	18.3
1.13	20	-3	17.9
1.17	15	-3	17.2
1.21	11	-1	16.9
1.25	5	28	17
1.29	8	121	18.1
1.33	18	275	19.9
1.38	31	530	22.2
1.42	33	701	25.1
1.46	72	722	28.2
1.50	84	735	29.9
1.54	96	469	30.3
1.58	100	367	30.6
1.63	108	337	31.1
1.67	113	297	31.2
1.71	111	247	31
1.75	88	166	29.8
1.79	72	42	28.3
1.83	53	-1	24.8
1.88	47	-3	22.2
1.92	39	-4	20.6
1.96	37	-5	20.5
2.00	54	-4	23.1
2.04	58	-4	23.3
2.08	56	-4	22.9
2.13	49	-4	21.7
2.17	45	-4	21.3
2.21	45	-4	21.4
2.25	32	48	20.9
2.29	31	178	22
2.33	50	340	23.9
2.38	58	444	25.1
2.42	64	561	26.4
2.46	69	735	27.9
2.50	72	604	28.5
2.54	83	749	29.9
2.58	98	402	29.7
2.63	103	382	29.9
2.67	89	481	30.8
2.71	84	398	30.9
2.75	85	167	29.9
2.79	77	27	28
2.83	60	-2	23.1
2.88	51	-5	20.5
2.92	44	-5	19.1
2.96	41	-4	18.2
3.00	44	-4	18
3.04	45	-3	17.1
3.08	44	-3	16.7
3.13	37	-3	15.6
3.17	32	-3	14.9
3.21	25	-1	14.5
3.25	16	24	15.1
3.29	12	40	17.1
3.33	11	71	17.8
3.38	24	401	20.5
3.42	49	638	24.7
3.46	73	784	27.1
3.50	81	851	28.5
3.54	72	855	29.6
3.58	70	704	30.1
3.63	68	205	29.5
3.67	65	78	28.1
3.71	57	129	26.8
3.75	49	116	25.3
3.79	46	30	23.1
3.83	44	0	22.2
3.87	41	-4	21.3
3.92	37	-4	20.3
3.96	36	-4	19.5
4.00	36	-4	18.7
4.04	14	-3	10
4.08	12	-2	9.6
4.12	10	-2	9.3
4.17	9	-2	9.2
4.21	5	0	9.1
4.25	3	27	10.2
4.29	3	88	11.9
4.33	9	353	16
4.38	25	446	19.7
4.42	35	527	20.4
4.46	43	508	21.1
4.50	42	281	21.1
4.54	39	250	20.9
4.58	42	143	20.2
4.63	24	70	17.2
4.67	16	49	16
4.71	22	34	15.5
4.75	27	24	14.7
4.79	25	6	14.3
4.83	24	-3	13.6
4.88	19	-3	13.7
4.92	16	-3	13.9
4.96	18	-3	14
5.00	14	-3	14.1
5.04	14	-3	14.2
5.08	15	-3	14.3
5.13	12	-3	14.4
5.17	12	-3	14.5
5.21	17	-3	14.7
5.25	11	32	14.6
5.29	15	59	15.3
5.33	18	83	15.9
5.38	21	147	16.3
5.42	31	262	17.4
5.46	39	416	18.3
5.50	50	484	19.9
5.54	49	304	20.1
5.58	38	240	19.5
5.63	40	282	20.1
5.67	47	300	20.7
5.71	55	219	21.1
5.75	58	123	20.8
5.79	40	11	19.4
5.83	26	-3	17.7
5.88	21	-4	17.3
5.92	18	-4	16.9
5.96	29	-3	16.7
6.00	19	-3	15.2
6.04	16	-3	14.6
6.08	12	-3	14.6
6.13	14	-3	14.4
6.17	14	-3	14.1
6.21	17	-2	14.5
6.25	34	12	15.1
6.29	37	81	15.5
6.33	37	208	16.2
6.38	40	499	17.3
6.42	46	700	18.5
6.46	52	792	20.5
6.50	60	853	22.3
6.54	60	855	23.5
6.58	61	721	24.5
6.63	63	664	25.4
6.67	64	605	25.7
6.71	73	434	25.9
6.75	81	166	24.7
6.79	79	29	23.3
6.83	78	-3	21.2
6.88	56	-4	19.4
6.92	43	-4	17.2
6.96	32	-4	16.1
7.00	24	-4	15.5
7.04	1	-3	15.7
7.08	1	-3	15.2
7.13	1	-3	14.5
7.17	1	-3	14
7.21	1	-2	13.8
7.25	1	30	14.1
7.29	5	88	15
7.33	14	309	17.7
7.38	31	457	20.1
7.42	40	647	22.6
7.46	40	592	23.3
7.50	50	753	24.5
7.54	65	762	25.5
7.58	68	722	25.9
7.63	80	515	25.7
7.67	77	378	25.3
7.71	68	281	25
7.75	70	96	23.7
7.79	60	29	22.5
7.83	41	-3	20.8
7.88	26	-3	18.9
7.92	18	-3	18.3
7.96	15	-3	17.3
8.00	14	-3	16.6
8.04	11	-3	16.2
8.08	9	-3	15.2
8.13	6	-3	14.7
8.17	3	-3	15.1
8.21	3	-2	15.5
8.25	3	20	15.9
8.29	6	83	16.5
8.33	18	203	17.8
8.38	22	358	19.3
8.42	26	402	20.7
8.46	11	345	21.7
8.50	9	286	21.8
8.54	22	298	22.4
8.58	26	263	22.4
8.63	38	280	22.4
8.67	38	219	22.9
8.71	15	51	22.3
8.75	26	23	22
8.79	43	6	21.6
8.83	37	-3	21
8.88	15	-4	19.9
8.92	7	-5	19.8
8.96	2	-4	19.6
9.00	1	-4	19.4
9.04	0	-4	19.1
9.08	0	-4	18.9
9.13	1	-4	18.6
9.17	1	-4	18.1
9.21	3	-3	18.1
9.25	8	12	18.5
9.29	9	37	18.8
9.33	9	44	18.5
9.38	9	88	18.7
9.42	10	134	19.5
9.46	19	208	19.7
9.50	19	150	19.6
9.54	22	252	20.2
9.58	21	342	21.1
9.63	16	350	21.7
9.67	23	418	22.8
9.71	14	207	22.1
9.75	10	147	21.9
9.79	11	25	20.5
9.83	17	-3	18.7
9.87	15	-4	17.4
9.92	11	-4	17.1
9.96	7	-4	17.9
10.00	6	-4	18.2
10.04	3	-4	18.5
10.08	2	-4	18.3
10.13	2	-4	18.3
10.17	1	-4	18.2
10.21	1	-3	17.5
10.25	1	20	17
10.29	2	60	17.8
10.33	14	284	19.3
10.38	27	451	21.3
10.42	42	600	22.5
10.46	60	671	24.3
10.50	60	775	25.9
10.54	50	650	26.1
10.58	85	30	21.5
10.63	53	124	18.1
10.67	50	218	20
10.71	48	156	20.9
10.75	47	135	21.2
10.79	23	17	20.1
10.83	15	-3	19.8
10.88	10	-3	19.5
10.92	7	-3	19.3
10.96	7	-4	19.3
11.00	6	-3	19
11.04	7	-4	18.8
11.08	4	-3	18.2
11.13	4	-4	17.8
11.17	4	-4	17.3
11.21	3	-3	16.7
11.25	4	14	16.6
11.29	7	81	17.3
11.33	13	152	18.8
11.38	19	205	19.1
11.42	24	599	20.3
11.46	39	766	22.8
11.50	55	786	24.6
11.54	61	742	25.9
11.58	61	786	27.2
11.63	56	435	27.4
11.67	66	287	27.1
11.71	52	164	26.3
11.75	45	94	25.8
11.79	30	20	23.5
11.83	28	-3	21.6
11.88	33	-3	20.3
11.92	27	-4	19.1
11.96	25	-4	18.1
12.00	19	-4	17.4
12.04	0	-3	16.7
12.08	0	-3	16.1
12.13	9	-3	15.8
12.17	7	-3	15.5
12.21	5	-2	15.2
12.25	7	18	15.7
12.29	17	163	18.5
12.33	30	339	21.2
12.38	34	515	22.1
12.42	41	662	23.9
12.46	48	746	25.6
12.50	54	809	26.8
12.54	62	826	27.6
12.58	62	707	28.2
12.63	60	584	28.8
12.67	61	497	29.1
12.71	55	293	28.6
12.75	39	132	26.6
12.79	38	19	24.3
12.83	34	-3	22.7
12.88	32	-3	21.7
12.92	27	-3	20.9
12.96	25.5	-4	20.4
13.00	24	-4	19.7
13.04	21	-4	19.4
13.08	23	-4	19
13.12	20	-4	18.5
13.17	17	-4	17.9
13.21	13	-3	17.5
13.25	6	18	17.7
13.29	5	60	19.2
13.33	9	83	21
13.37	14	179	22.4
13.42	26	263	23.9
13.46	35	268	24.6
13.50	41	272	24.8
13.54	45	218	24.2
13.58	49	186	23
13.62	51	131	22.1
13.67	48	84	22
13.71	36	33	21.1
13.75	33	18	20.9
13.79	34	0	21.2
13.83	54	-3	20.5
13.87	53	-3	19.3
13.92	43	-4	18.8
13.96	34	-4	18.5
14.00	19	-4	18.5
14.04	21	-4	18.5
14.08	27	-4	18.5
14.12	37	-4	18.2
14.17	38	-4	17.8
14.21	40	-4	17.8
14.25	40	-2	18.1
14.29	38	41	18.3
14.33	30	50	18.7
14.37	30	63	19.1
14.42	31	148	19.7
14.46	27	113	20
14.50	32	103	20.4
14.54	38	95	20.7
14.58	38	215	21.4
14.62	39	108	21.3
14.67	39	21	21
14.71	43	3	20.5
14.75	42	-3	20.3
14.79	36	-3	20.1
14.83	31	-4	19.9
14.87	33	-3	19.8
14.92	31	-3	19.5
