1	6130	0.00
2	5350	0.00
3	6160	0.00
4	5130	0.00
5	5180	0.00
6	5570	0.00
7	4310	0.78
8	4220	0.03
9	4800	0.00
10	5340	0.03
11	5330	0.08
12	5310	0.00
13	4930	0.00
14	6090	0.03
15	5390	0.03
16	4820	0.03
17	5430	0.00
18	5070	0.03
19	4910	0.01
20	4420	0.08
21	4990	0.00
22	4470	0.03
23	5160	0.00
24	5440	0.40
25	7260	0.00
26	7930	0.00
27	7740	0.00
28	8630	0.00
29	7940	0.00
30	9850	0.22
31	11800	0.00
32	11900	0.82
33	15000	0.11
34	17900	0.00
35	16600	0.01
36	14300	0.00
37	11500	0.00
38	10300	0.00
39	9260	0.00
40	9020	0.00
41	9080	0.05
42	20000	0.61
43	25300	0.00
44	21100	0.01
45	17500	0.00
46	14900	0.00
47	13800	0.00
48	14600	0.00
49	13500	0.01
50	11900	0.00
51	11300	0.00
52	13500	0.03
53	18300	0.00
54	20100	0.00
55	16800	0.00
56	14800	0.00
57	13200	0.00
58	15400	0.50
59	18000	0.01
60	15600	0.00
61	13800	0.00
62	14400	0.17
63	17500	0.00
64	17800	0.00
65	14700	0.00
66	14400	0.00
67	14200	0.00
68	14000	0.00
69	16800	0.38
70	21800	0.00
71	19000	0.00
72	16800	0.03
73	16100	0.00
74	15700	0.00
75	15700	0.08
76	15700	0.02
77	15200	0.11
78	15100	0.22
79	15100	0.00
80	15400	0.56
81	15800	0.02
82	14300	0.00
83	12600	0.00
84	12700	0.03
85	12800	0.59
86	48200	1.41
87	43000	0.00
88	34500	0.00
89	33000	0.02
90	35800	0.00
91	30700	0.20
92	29400	0.01
93	25800	0.00
94	25400	0.06
95	23000	0.00
96	19900	0.07
97	17600	0.01
98	15500	0.00
99	14500	0.01
100	15600	0.19
101	21400	0.00
102	21800	0.00
103	21100	0.01
104	29900	0.09
105	50300	0.41
106	57400	0.00
107	49200	0.00
108	39600	0.00
109	33200	0.02
110	25700	0.04
111	21100	0.00
112	18000	0.15
113	15000	0.01
114	12600	0.00
115	10600	0.39
116	12500	0.04
117	12200	0.03
118	16200	0.11
119	21300	0.51
120	24500	0.07
121	22600	0.12
122	21700	0.02
123	22800	0.16
124	22500	0.00
125	16900	0.00
126	16500	0.00
127	13300	0.03
128	13200	0.00
129	12200	0.09
130	12100	0.07
131	11800	0.00
132	12400	0.44
133	24300	0.53
134	58200	1.47
135	51200	0.06
136	46300	0.00
137	39800	0.05
138	36500	0.58
139	41300	0.36
140	31900	0.00
141	24800	0.01
142	22800	0.00
143	20600	0.00
144	17500	0.05
145	17700	0.00
146	15300	0.07
147	14500	0.00
148	12800	0.00
149	13300	0.11
150	12600	0.13
151	13200	0.32
152	25300	0.24
153	22100	0.06
154	15700	0.00
155	14700	0.01
156	14800	0.09
157	38000	1.45
158	27000	0.29
159	22500	0.00
160	16800	0.01
161	15400	0.00
162	12900	0.28
163	11900	0.24
164	13400	0.03
165	13800	0.10
166	12700	0.25
167	16900	0.37
168	23400	0.30
169	19200	0.18
170	18700	0.00
171	15300	0.00
172	12400	0.00
173	12500	0.10
174	11600	0.11
175	11200	0.03
176	10800	0.00
177	9300	0.04
178	10700	0.20
179	26900	0.00
180	20400	0.46
181	15300	0.00
182	10700	0.01
183	11300	0.00
184	8530	0.00
185	7580	0.00
186	5900	0.03
187	6820	0.00
188	5790	0.00
189	5130	0.00
190	5600	0.26
191	5570	0.00
192	5190	0.00
193	5230	0.00
194	4910	0.00
195	4590	0.00
196	5160	0.00
197	4260	0.03
198	4250	0.00
199	3900	0.00
200	3970	0.17
201	4780	0.01
202	5000	0.00
203	4120	0.00
204	4660	0.31
205	4220	0.00
206	4670	0.00
207	4300	0.00
208	3890	0.02
209	3770	0.00
210	4420	0.05
211	3870	0.00
212	4080	0.00
213	3570	0.00
214	4730	0.04
215	4220	0.13
216	4230	0.00
217	3920	0.00
218	4220	0.00
219	4290	0.00
220	3530	0.00
221	3330	0.00
222	3340	0.00
223	3740	0.00
224	3400	0.00
225	3880	0.00
226	4160	0.47
227	3480	0.50
228	3560	0.51
229	3870	0.05
230	3970	0.00
231	3360	0.00
232	3500	0.04
233	3350	0.00
234	3760	0.09
235	3660	0.23
236	4880	0.01
237	5740	0.68
238	4360	0.00
239	4000	0.00
240	4180	0.00
241	4190	0.06
242	4390	1.02
243	4550	0.00
244	3970	0.00
245	3730	0.00
246	4410	0.01
247	3400	0.07
248	3460	0.00
249	3300	0.00
250	3470	0.00
251	3510	0.00
252	4110	0.00
253	3160	0.00
254	2500	0.00
255	2950	0.00
256	3080	0.00
257	3250	0.00
258	4290	0.00
259	4960	1.66
260	6090	0.01
261	4780	0.01
262	4240	0.01
263	3610	0.00
264	3580	0.01
265	4610	0.88
266	6740	0.06
267	7430	0.00
268	5570	0.00
269	4900	0.01
270	6430	0.27
271	12100	0.44
272	12400	0.00
273	6670	0.00
274	7100	0.00
275	5000	0.00
276	5100	0.02
277	4400	0.01
278	4600	0.04
279	4600	0.00
280	4800	0.00
281	4900	0.00
282	4600	0.00
283	4000	0.00
284	4400	0.07
285	4900	1.11
286	6800	0.12
287	5800	0.09
288	6400	0.00
289	6900	1.32
290	18600	0.25
291	17800	0.14
292	11300	0.01
293	12400	0.00
294	12700	0.00
295	9800	0.00
296	7800	0.11
297	8900	0.00
298	8300	0.00
299	13100	0.14
300	20500	0.00
301	15300	0.00
302	12600	0.00
303	10200	0.00
304	8400	0.00
305	7700	0.00
306	8500	0.00
307	8200	0.03
308	9300	0.00
309	11500	0.02
310	11800	0.52
311	13000	0.01
312	14400	0.00
313	13800	0.00
314	11200	0.00
315	14500	0.30
316	13600	0.36
317	17200	0.31
318	19500	0.00
319	16600	0.00
320	14700	0.03
321	15900	0.00
322	23100	0.62
323	23900	0.00
324	24400	0.04
325	24200	0.00
326	22500	0.02
327	39300	0.85
328	39700	0.00
329	30700	0.02
330	26400	0.00
331	23400	0.03
332	21300	0.00
333	18300	0.01
334	17600	0.00
335	16600	0.00
336	15800	0.00
337	16100	0.00
338	11400	0.00
339	11900	0.08
340	12300	0.02
341	11900	0.00
342	12000	0.00
343	11100	0.00
344	10500	0.00
345	10000	0.00
346	11200	0.80
347	10500	0.00
348	13000	0.28
349	18600	0.12
350	21000	0.06
351	18400	0.00
352	13300	0.00
353	12300	0.00
354	13800	0.19
355	21600	0.00
356	22800	0.00
357	19800	0.00
358	17400	0.00
359	15300	0.32
360	12300	0.17
361	11600	0.00
362	13400	0.00
363	13000	0.00
364	12900	0.00
365	12500	0.07
366	12700	0.20
367	16800	0.05
368	17600	0.41
369	16000	0.84
370	14700	0.10
371	14200	0.02
372	15000	0.04
373	15000	0.01
374	13900	0.05
375	14700	0.02
376	14800	0.00
377	14500	0.01
378	14700	0.00
379	12700	0.00
380	11300	0.00
381	11400	0.00
382	10400	0.00
383	9900	0.00
384	9400	0.00
385	9900	0.01
386	9400	0.00
387	8900	0.00
388	8300	0.00
389	8700	0.00
390	8600	0.00
391	8400	0.01
392	8600	0.08
393	8400	0.00
394	7900	0.00
395	8200	0.00
396	8200	0.00
397	8300	0.00
398	8100	0.01
399	8100	0.00
400	8100	0.13
401	9300	0.11
402	13700	0.00
403	13700	0.01
404	13400	0.03
405	11400	0.00
406	11200	0.01
407	10500	0.07
408	10000	0.00
409	9000	0.02
410	8300	0.00
411	8000	0.00
412	7800	0.00
413	7600	0.12
414	7600	0.63
415	8000	0.01
416	8200	0.00
417	8000	0.00
418	7600	0.12
419	8400	0.48
420	10600	0.04
421	14100	0.00
422	14200	0.00
423	12300	0.00
424	10700	0.00
425	10400	0.00
426	10000	0.23
427	10900	0.00
428	11400	0.00
429	10600	0.04
430	11600	0.00
431	10600	0.00
432	10000	0.00
433	11100	0.00
434	10400	0.00
435	10000	0.00
436	9000	0.00
437	9200	0.09
438	9500	0.00
439	8500	0.00
440	8800	0.00
441	11700	0.00
442	26000	0.00
443	40800	0.00
444	40600	0.18
445	49600	0.56
446	79400	0.00
447	86900	0.01
448	67900	0.00
449	58800	0.00
450	63300	0.17
451	59200	0.00
452	49700	0.00
453	45700	0.55
454	61800	0.22
455	56500	0.01
456	43100	0.01
457	34800	0.00
458	35300	0.32
459	37800	0.43
460	36200	0.62
461	31800	0.00
462	29600	0.00
463	26400	0.08
464	22400	0.00
465	20700	0.00
466	25700	0.04
467	30700	0.02
468	36700	0.00
469	30400	0.00
470	27200	0.00
471	28100	0.00
472	32700	0.00
473	30200	0.00
474	26700	0.00
475	23900	0.00
476	22300	0.06
477	22900	0.12
478	24700	0.01
479	26400	0.00
480	23300	0.00
481	20400	0.06
482	31100	0.71
483	26400	0.00
484	24600	0.00
485	20400	0.00
486	21000	0.00
487	24800	0.80
488	35100	0.43
489	31400	0.00
490	22900	0.00
491	22400	0.08
492	21300	0.00
493	19500	0.01
494	17900	0.01
495	16300	0.00
496	16300	0.00
497	22900	0.93
498	34700	0.41
499	36400	0.12
500	33000	0.00
501	29400	0.00
502	22400	0.00
503	19500	0.00
504	17100	0.00
505	16200	0.00
506	13500	0.14
507	12900	0.03
508	12300	0.01
509	12600	0.02
510	15100	0.17
511	16700	0.18
512	19400	0.55
513	18700	0.13
514	21700	0.47
515	20400	0.01
516	18100	0.00
517	29100	0.92
518	35800	0.15
519	25700	0.00
520	21800	0.00
521	17700	0.12
522	17600	0.00
523	16900	0.23
524	15400	0.00
525	14600	0.02
526	12600	0.00
527	12800	0.22
528	13900	0.11
529	13200	0.02
530	13800	0.28
531	16700	0.00
532	15600	0.00
533	13000	0.00
534	11200	0.02
535	11700	0.00
536	10300	0.06
537	8700	0.22
538	16900	0.71
539	15800	0.02
540	12900	0.00
541	7900	0.00
542	6900	0.00
543	7200	0.00
544	6800	0.00
545	6500	0.00
546	5800	0.33
547	5200	0.00
548	5000	0.00
549	5000	0.00
550	4900	0.00
551	4900	0.00
552	4900	0.00
553	4900	0.00
554	4800	0.06
555	4800	0.20
556	5000	0.00
557	5900	0.03
558	6900	0.00
559	6500	0.01
560	6400	0.01
561	4900	0.00
562	5300	0.22
563	6300	0.11
564	6100	0.00
565	5900	0.02
566	4900	0.00
567	5200	0.57
568	10700	0.52
569	10500	1.31
570	13500	0.28
571	12100	0.00
572	8700	0.00
573	8600	0.00
574	6800	0.00
575	6200	0.00
576	6000	0.00
577	5800	0.00
578	7700	0.87
579	13900	0.54
580	12200	0.00
581	11000	0.10
582	15400	0.05
583	20200	0.46
584	16200	0.61
585	12300	0.00
586	9290	0.01
587	12000	0.09
588	18000	0.12
589	18600	0.08
590	25300	0.03
591	19200	0.00
592	16700	0.00
593	12800	0.00
594	15900	0.00
595	14200	0.00
596	12400	0.01
597	8000	0.00
598	9600	0.00
599	6000	0.24
600	7400	0.00
601	6500	0.00
602	6300	0.00
603	5000	0.94
604	6000	0.04
605	5900	0.00
606	5900	0.03
607	5700	0.25
608	5000	0.00
609	5200	0.08
610	6800	0.71
611	8300	0.03
612	9200	0.82
613	15200	0.14
614	9700	0.00
615	6800	0.00
616	7900	0.00
617	6100	0.00
618	6400	0.00
619	5000	0.00
620	5800	0.00
621	5800	0.01
622	5500	0.02
623	5600	0.12
624	5700	0.67
625	7700	0.00
626	7800	0.01
627	5300	0.00
628	5600	0.29
629	6000	0.00
630	6200	0.01
631	8800	0.19
632	16700	1.39
633	11000	0.00
634	10000	0.05
635	8100	0.00
636	13500	0.22
637	27100	0.17
638	17900	0.11
639	15800	0.00
640	13500	0.10
641	10900	0.01
642	10400	0.00
643	12800	0.08
644	14700	0.00
645	13900	0.00
646	13400	0.00
647	11400	0.00
648	9840	0.01
649	10200	0.01
650	9680	0.00
651	8690	0.00
652	8610	0.00
653	11300	0.91
654	19600	0.00
655	19000	0.00
656	18200	0.00
657	17000	0.02
658	13800	0.04
659	13100	0.00
660	13700	0.02
661	14100	0.08
662	13200	0.00
663	11600	0.00
664	11800	0.00
665	18000	0.39
666	50300	1.37
667	62800	0.00
668	68500	0.71
669	43300	0.00
670	35300	0.00
671	27900	0.07
672	26700	0.16
673	28100	0.00
674	26200	0.04
675	24100	0.14
676	22300	0.00
677	19400	0.00
678	18900	0.00
679	17000	0.00
680	17000	0.22
681	17800	0.03
682	19400	0.03
683	23300	0.00
684	22400	0.00
685	18700	0.00
686	19200	0.04
687	21600	0.00
688	22100	0.20
689	44000	1.66
690	53800	0.02
691	38800	0.00
692	31200	0.00
693	26200	0.00
694	24900	0.34
695	23700	0.00
696	20800	0.00
697	28000	0.08
698	27300	0.80
699	33200	0.02
700	26500	0.01
701	25800	0.02
702	24100	0.00
703	21400	0.00
704	19900	0.00
705	20400	0.12
706	17500	0.13
707	17700	0.00
708	16200	0.00
709	15600	0.00
710	19100	0.09
711	59300	0.78
712	44800	0.00
713	31600	0.46
714	25900	0.97
715	24400	0.00
716	25200	0.51
717	34200	0.43
718	33400	0.00
719	27100	0.00
720	23500	0.00
721	21000	0.00
722	20000	0.00
723	25000	0.07
724	66200	0.82
725	58700	0.00
726	49200	0.00
727	41400	0.00
728	35900	0.00
729	27100	0.07
730	29200	0.00
731	28700	0.00
732	25700	0.04
733	25200	0.07
734	31900	0.09
735	33900	0.20
736	29600	0.02
737	24900	0.01
738	20100	0.00
739	17900	0.00
740	15400	0.00
741	15500	0.00
742	15600	0.03
743	16400	0.00
744	15500	0.01
745	14400	0.01
746	13700	0.00
747	14300	0.00
748	14200	0.00
749	13800	0.00
750	14000	0.00
751	13100	0.00
752	13300	0.00
753	12900	0.00
754	12800	0.00
755	12300	0.00
756	12300	0.00
757	11400	0.01
758	11700	0.24
759	11300	0.04
760	11600	0.00
761	11800	0.00
762	11200	0.00
763	11300	0.00
764	11500	0.00
765	11500	0.47
766	10800	0.00
767	11600	0.08
768	11600	0.34
769	11200	0.00
770	11300	0.00
771	10700	0.00
772	11100	0.00
773	10400	0.00
774	10700	0.00
775	11100	0.00
776	10600	0.00
777	10300	0.00
778	10000	0.00
779	10300	0.00
780	10200	0.00
781	10700	0.00
782	10200	0.14
783	10100	0.03
784	9790	0.00
785	9610	0.00
786	10000	0.00
787	9520	0.00
788	9330	0.00
789	9400	0.00
790	8880	0.00
791	8820	0.00
792	10000	0.02
793	15900	0.00
794	26300	0.04
795	28000	0.04
796	38200	0.11
797	47100	0.10
798	39100	0.15
799	30200	0.03
800	25100	0.00
801	21300	0.00
802	20600	0.08
803	18600	0.00
804	16400	0.00
805	15200	0.00
806	15300	0.11
807	14500	0.04
808	14400	0.01
809	14100	0.02
810	13400	0.00
811	16000	0.22
812	19400	0.00
813	16700	0.02
814	13800	0.01
815	13200	0.02
816	17400	0.00
817	30300	0.19
818	45600	0.00
819	40600	0.00
820	36600	0.00
821	31000	0.33
822	36400	0.25
823	61700	0.00
824	57000	0.00
825	42800	0.02
826	35500	0.00
827	29300	0.00
828	23700	0.00
829	20400	0.00
830	18200	0.00
831	16900	0.00
832	15500	0.00
833	14900	0.00
834	14700	0.56
835	22200	0.13
836	29600	0.00
837	25900	0.00
838	22200	0.00
839	19500	0.01
840	19000	0.00
841	17600	0.01
842	16500	0.00
843	16900	0.02
844	14600	0.16
845	14100	0.11
846	16500	0.00
847	18800	0.79
848	26000	0.07
849	19300	0.00
850	16900	0.00
851	14200	0.00
852	13900	0.00
853	12400	0.00
854	13600	0.20
855	15500	0.19
856	14800	0.00
857	14100	0.02
858	13400	0.07
859	11800	0.00
860	10800	0.26
861	11200	0.04
862	14600	0.00
863	12100	0.00
864	9980	0.00
865	13500	0.00
866	13000	0.14
867	11100	0.31
868	10200	0.00
869	8470	0.04
870	9350	0.00
871	7910	0.00
872	8920	0.05
873	8750	0.01
874	9660	0.12
875	31500	0.39
876	62700	0.53
877	50900	0.43
878	42700	0.39
879	37500	0.09
880	32500	0.27
881	26100	0.00
882	23300	0.00
883	21800	0.30
884	25900	0.40
885	24100	0.05
886	18800	0.00
887	18500	0.00
888	16000	0.00
889	14200	0.00
890	13200	0.00
891	12900	0.24
892	13300	0.19
893	12900	0.00
894	11900	0.00
895	10800	0.00
896	9940	0.00
897	8100	0.00
898	7840	0.00
899	5190	0.04
900	6690	0.04
901	5760	0.00
902	6180	0.00
903	5120	0.00
904	5790	0.08
905	5490	0.03
906	5570	0.00
907	5460	0.00
908	5470	0.55
909	5160	0.00
910	4700	0.00
911	4840	0.25
912	5190	0.06
913	5310	0.00
914	4980	0.20
915	5590	0.00
916	4640	0.00
917	4900	0.09
918	5130	0.46
919	5000	0.00
920	7500	0.10
921	9180	0.53
922	7620	0.00
923	6370	0.00
924	5830	0.00
925	5740	0.01
926	5900	0.12
927	7950	1.18
928	8740	0.30
929	10600	0.00
930	9850	0.11
931	9440	0.11
932	8190	0.37
933	7910	0.00
934	7990	0.00
935	6870	0.08
936	7650	0.16
937	7890	0.00
938	7300	0.01
939	10500	0.23
940	29700	1.96
941	27700	0.00
942	18600	0.00
943	12200	0.04
944	12700	0.22
945	12600	0.03
946	12000	0.00
947	11400	0.19
948	10500	0.09
949	9470	0.00
950	8660	0.01
951	7750	0.00
952	8160	0.00
953	7430	0.00
954	6380	0.02
955	7940	0.00
956	20100	0.00
957	23000	0.35
958	14500	0.00
959	13500	2.48
960	22300	0.32
961	17100	0.00
962	12500	0.01
963	10900	0.15
964	17500	0.69
965	30500	0.32
966	19400	0.00
967	17700	0.00
968	14600	0.00
969	12800	0.00
970	11500	0.00
971	12300	0.46
972	14100	0.01
973	16800	0.00
974	20900	0.54
975	19500	0.00
976	15000	0.00
977	14000	0.00
978	13100	0.00
979	11400	0.00
980	9920	0.00
981	9670	0.00
982	11500	0.00
983	11600	1.06
984	18100	0.34
985	18700	0.01
986	15000	0.00
987	12500	0.00
988	12500	0.00
989	13600	0.00
990	12200	0.00
991	11200	0.56
992	33300	1.66
993	56300	0.66
994	26800	0.00
995	20600	0.00
996	17600	0.00
997	15700	0.00
998	13200	0.00
999	12800	0.00
1000	11600	0.00
1001	10700	0.00
1002	9780	0.22
1003	10200	0.38
1004	10800	0.00
1005	10300	0.35
1006	9300	0.01
1007	7000	0.09
1008	8400	0.00
1009	8200	0.00
1010	7200	0.00
1011	7800	0.00
1012	6300	0.00
1013	6400	0.00
1014	6200	0.01
1015	6100	0.00
1016	5200	0.00
1017	5000	0.00
1018	6600	0.02
1019	5400	0.03
1020	6200	0.36
1021	7700	0.05
1022	9100	0.00
1023	8500	0.26
1024	9500	0.20
1025	10200	0.10
1026	10100	0.12
1027	10200	0.00
1028	10200	0.00
1029	8900	0.00
1030	8500	0.00
1031	8300	0.00
1032	7800	0.00
1033	7900	0.00
1034	7400	0.01
1035	7000	0.02
1036	6800	0.00
1037	7000	0.01
1038	7500	0.19
1039	8500	0.00
1040	13400	0.46
1041	18100	0.23
1042	12900	0.00
1043	11300	0.00
1044	11800	0.00
1045	10200	0.00
1046	9500	0.00
1047	9000	0.01
1048	8000	0.00
1049	8500	0.00
1050	9800	0.00
1051	9500	0.00
1052	8800	0.00
1053	8200	0.00
1054	7200	0.00
1055	6700	0.14
1056	8100	0.07
1057	8400	0.00
1058	9300	0.00
1059	12700	0.21
1060	16500	0.46
1061	21700	0.48
1062	22700	0.00
1063	20000	1.00
1064	31300	0.00
1065	28600	0.00
1066	27600	0.16
1067	49900	0.33
1068	36700	0.00
1069	29000	0.00
1070	23900	0.00
1071	21600	0.07
1072	20400	0.20
1073	26800	0.13
1074	30400	0.00
1075	28100	0.24
1076	51200	0.63
1077	46500	0.02
1078	36700	0.01
1079	31600	0.01
1080	26700	0.00
1081	22300	0.00
1082	19800	0.00
1083	18600	0.00
1084	17500	0.01
1085	15600	0.00
1086	14800	0.00
1087	15100	0.00
1088	16800	0.01
1089	35100	0.84
1090	31700	0.00
1091	22700	0.00
1092	17000	0.02
1093	16100	0.00
1094	18500	0.00
1095	18500	0.00
1096	17100	0.00
1097	17000	0.01
1098	20000	0.01
1099	20000	0.05
1100	24800	0.31
1101	27100	0.13
1102	22500	0.14
1103	19800	0.51
1104	18500	0.00
1105	17400	0.50
1106	16700	0.00
1107	15400	0.00
1108	15800	0.01
1109	19000	0.55
1110	51300	0.48
1111	65000	0.36
1112	39500	0.00
1113	29200	0.02
1114	20600	0.01
1115	18600	0.00
1116	16400	0.00
1117	16200	0.00
1118	15300	0.00
1119	14900	0.18
1120	15900	0.00
1121	16400	0.00
1122	17200	0.13
1123	16700	0.01
1124	16100	0.00
1125	15600	0.00
1126	14800	0.00
1127	14800	0.00
1128	14200	0.00
1129	12800	0.00
1130	12400	0.00
1131	12100	0.00
1132	12200	0.00
1133	12100	0.00
1134	11900	0.00
1135	12000	0.00
1136	12100	0.00
1137	14800	0.39
1138	17900	0.06
1139	17500	0.00
1140	15300	0.00
1141	13100	0.00
1142	14100	0.16
1143	16500	0.08
1144	24100	0.30
1145	21600	0.00
1146	14600	0.00
1147	12800	0.00
1148	11800	0.12
1149	13500	0.06
1150	12700	0.00
1151	11400	0.00
1152	11900	0.01
1153	11300	0.00
1154	11000	0.00
1155	10800	0.00
1156	10500	0.28
1157	10800	0.22
1158	10600	0.02
1159	10200	0.00
1160	10200	0.00
1161	10300	0.00
1162	10600	0.00
1163	12800	0.09
1164	13600	0.02
1165	13200	0.00
1166	11600	0.00
1167	11300	0.12
1168	10000	0.01
1169	9600	0.00
1170	9200	0.00
1171	9200	0.00
1172	9700	0.00
1173	9800	0.00
1174	9700	0.00
1175	10000	0.00
1176	9900	0.02
1177	11500	0.01
1178	13200	0.00
1179	12700	0.19
1180	11500	0.02
1181	11800	0.00
1182	12500	0.00
1183	28600	0.49
1184	68600	1.58
1185	60800	0.43
1186	46900	0.00
1187	48600	0.06
1188	60400	0.17
1189	108000	0.59
1190	106000	0.13
1191	73200	0.03
1192	55400	0.00
1193	45800	0.00
1194	43100	0.06
1195	41600	0.00
1196	35700	0.00
1197	29800	0.00
1198	26500	0.00
1199	23200	0.00
1200	18500	0.00
1201	15500	0.00
1202	15900	0.00
1203	14700	0.00
1204	13900	0.00
1205	13300	0.00
1206	10100	0.00
1207	12400	0.17
1208	10500	0.00
1209	14600	0.27
1210	34900	0.49
1211	50500	0.03
1212	41000	0.02
1213	32600	0.02
1214	36100	0.30
1215	35800	0.00
1216	30200	0.00
1217	26800	0.13
1218	27900	0.01
1219	28500	0.02
1220	24500	0.00
1221	21200	0.00
1222	20200	0.00
1223	19100	0.00
1224	16700	0.00
1225	16800	0.00
1226	16000	0.00
1227	14300	0.00
1228	14600	0.00
1229	13300	0.00
1230	10600	0.00
1231	10500	0.33
1232	11200	0.30
1233	11200	0.00
1234	10300	0.00
1235	9000	0.00
1236	7500	0.00
1237	7300	0.00
1238	6500	0.00
1239	7500	0.22
1240	8100	0.14
1241	8700	0.23
1242	8800	0.12
1243	9100	0.03
1244	8900	0.00
1245	7900	0.05
1246	7000	0.03
1247	8100	0.00
1248	8100	0.00
1249	6900	0.00
1250	5800	0.00
1251	5500	0.00
1252	5400	0.00
1253	5000	0.10
1254	5800	0.25
1255	6500	0.00
1256	6200	0.02
1257	5800	0.14
1258	6100	0.10
1259	7300	0.00
1260	7500	0.00
1261	9500	0.02
1262	10600	0.04
1263	10300	0.66
1264	19200	0.49
1265	25100	0.03
1266	24900	0.00
1267	19000	0.00
1268	17000	0.00
1269	14200	0.18
1270	11600	0.02
1271	11000	0.00
1272	11700	0.00
1273	10300	0.00
1274	10400	0.00
1275	10000	0.00
1276	10600	0.05
1277	11600	1.77
1278	14000	0.00
1279	15900	1.59
1280	11300	0.00
1281	9600	0.00
1282	9400	0.00
1283	8000	2.18
1284	7400	0.37
1285	8700	0.10
1286	8000	0.62
1287	10200	0.01
1288	8100	0.00
1289	8100	0.00
1290	7800	0.02
1291	7600	0.00
1292	8600	0.93
1293	8000	0.00
1294	7100	0.00
1295	7900	0.28
1296	6900	0.02
1297	7200	0.54
1298	6200	0.00
1299	5300	0.00
1300	4900	0.03
1301	4600	0.00
1302	5000	0.00
1303	4200	0.00
1304	4900	0.00
1305	4000	0.16
1306	4600	0.00
1307	5500	0.00
1308	5500	0.08
1309	4800	0.61
1310	4900	0.00
1311	4200	0.00
1312	4500	0.00
1313	4200	0.00
1314	4500	0.01
1315	3800	0.00
1316	4200	0.00
1317	3800	0.00
1318	3400	0.00
1319	3800	0.00
1320	3400	0.00
1321	4400	0.41
1322	4300	0.00
1323	4600	0.22
1324	4900	0.00
1325	4800	0.47
1326	4300	0.00
1327	4100	0.00
1328	4000	0.01
1329	5300	0.16
1330	6000	0.00
1331	5000	0.00
1332	4000	0.00
1333	4100	0.00
1334	3600	0.00
1335	4000	0.00
1336	4200	0.01
1337	4200	0.21
1338	5200	0.31
1339	7700	0.59
1340	12100	0.61
1341	11100	0.00
1342	8200	0.00
1343	7300	0.00
1344	6100	0.00
1345	4900	0.00
1346	5800	0.00
1347	4000	0.00
1348	4400	0.00
1349	4400	0.00
1350	3900	0.00
1351	4700	0.00
1352	4000	0.00
1353	4200	0.00
1354	5200	0.55
1355	5100	0.44
1356	6000	0.12
1357	4400	0.00
1358	4600	0.00
1359	4400	0.01
1360	4600	0.04
1361	4600	0.00
1362	4600	0.00
1363	4900	0.00
1364	4000	0.00
1365	4800	0.03
1366	7800	0.86
1367	7600	0.00
1368	6300	0.00
1369	6300	0.15
1370	7100	0.00
1371	7340	0.00
1372	5820	0.00
1373	5890	0.00
1374	5340	0.00
1375	5350	0.00
1376	5360	0.00
1377	13400	1.25
1378	41800	2.08
1379	29700	0.23
1380	14700	0.01
1381	13700	0.27
1382	17900	0.61
1383	22300	0.17
1384	31800	0.69
1385	36400	0.11
1386	24200	0.00
1387	18400	0.04
1388	17900	0.01
1389	16500	0.01
1390	16000	0.00
1391	14500	0.01
1392	39300	1.74
1393	37900	0.07
1394	43000	0.31
1395	80500	1.09
1396	57900	0.24
1397	38700	0.00
1398	32300	0.00
1399	26100	0.00
1400	23500	0.00
1401	23300	0.00
1402	21200	0.06
1403	20700	0.00
1404	18300	0.00
1405	18100	0.00
1406	17700	0.00
1407	19100	0.22
1408	20100	0.00
1409	18300	0.00
1410	38000	0.53
1411	36100	0.02
1412	28800	0.00
1413	24800	0.00
1414	19000	0.00
1415	19900	0.10
1416	30400	0.42
1417	55300	1.22
1418	50300	0.00
1419	40500	0.00
1420	28800	0.00
1421	26000	0.00
1422	24300	0.32
1423	31000	0.65
1424	25300	0.00
1425	20600	0.06
1426	18600	0.00
1427	18100	0.02
1428	19300	0.02
1429	26300	0.01
1430	45600	1.73
1431	61200	1.37
1432	50500	0.00
1433	42000	0.00
1434	33700	0.01
1435	28700	0.04
1436	26300	0.00
1437	21700	0.00
1438	18600	0.00
1439	16800	0.08
1440	16600	0.06
1441	16900	0.00
1442	16200	0.00
1443	15400	0.00
1444	13500	0.00
1445	14000	0.00
1446	13200	0.21
1447	15200	0.46
1448	15300	0.00
1449	14800	0.00
1450	13400	0.00
1451	13100	0.00
1452	12900	0.00
1453	13000	0.00
1454	13200	0.02
1455	13500	0.00
1456	19700	0.55
1457	31600	0.19
1458	27300	0.00
1459	25900	0.00
1460	39900	1.07
1461	36700	0.05
1462	28500	0.21
1463	23200	0.01
1464	21000	0.40
1465	19900	0.01
1466	19800	0.04
1467	18800	0.03
1468	18100	0.00
1469	17100	0.00
1470	16000	0.00
1471	16100	0.00
1472	16600	0.01
1473	22000	0.18
1474	29200	0.05
1475	31300	0.05
1476	47200	0.40
1477	32300	0.06
1478	26900	0.00
1479	35700	0.38
1480	87400	1.36
1481	56900	0.00
1482	41900	0.00
1483	38000	0.01
1484	31900	0.19
1485	28100	0.43
1486	26200	0.00
1487	23600	0.02
1488	20600	0.00
1489	20100	0.00
1490	20400	0.00
1491	22900	0.10
1492	31300	0.23
1493	34000	0.25
1494	28800	0.00
1495	27900	0.04
1496	39400	0.31
1497	40800	0.45
1498	42700	0.18
1499	39900	0.01
1500	35600	0.00
1501	25200	0.00
1502	23500	0.00
1503	21500	0.00
1504	20000	0.01
1505	18400	0.01
1506	17700	0.00
1507	17800	0.00
1508	17100	0.00
1509	17200	0.00
1510	19400	0.05
1511	16100	0.00
1512	15000	0.00
1513	15400	0.00
1514	13500	0.01
1515	15600	0.00
1516	14000	0.03
1517	14000	0.00
1518	12700	0.05
1519	12200	0.00
1520	12700	0.00
1521	12700	0.01
1522	12600	0.01
1523	12000	0.00
1524	11500	0.00
1525	11700	0.00
1526	11900	0.00
1527	11900	0.00
1528	10600	0.00
1529	11800	0.00
1530	13100	0.19
1531	14400	0.00
1532	17800	0.00
1533	18000	0.00
1534	42500	0.93
1535	47400	0.19
1536	32800	0.02
1537	24900	0.00
1538	21100	0.00
1539	18500	0.00
1540	17500	0.00
1541	16200	0.00
1542	16000	0.00
1543	15200	0.00
1544	14700	0.00
1545	15300	0.03
1546	15900	0.01
1547	16000	0.01
1548	15200	0.00
1549	15000	0.00
1550	13300	0.00
1551	11000	0.00
1552	12200	0.13
1553	13300	0.13
1554	16100	0.00
1555	20200	1.11
1556	21500	0.16
1557	19500	0.00
1558	18300	0.00
1559	18600	0.22
1560	18500	0.00
1561	17200	0.00
1562	15800	0.00
1563	14200	0.00
1564	12400	0.00
1565	12300	0.00
1566	11600	0.20
1567	12600	0.11
1568	12500	0.00
1569	10900	0.01
1570	8500	0.00
1571	7800	0.00
1572	8500	0.00
1573	10100	0.00
1574	41600	1.45
1575	66600	1.23
1576	43600	0.10
1577	35300	0.00
1578	34400	0.00
1579	23700	0.00
1580	19800	0.01
1581	19400	0.00
1582	17500	0.00
1583	17200	0.00
1584	15700	0.07
1585	14600	0.02
1586	13800	0.01
1587	14800	0.01
1588	14000	0.01
1589	13000	0.00
1590	8280	0.00
1591	7350	0.00
1592	7640	0.00
1593	8760	0.60
1594	22800	1.69
1595	24200	0.01
1596	25800	0.30
1597	26800	0.10
1598	27700	0.09
1599	26000	0.52
1600	27800	0.22
1601	31200	0.13
1602	30200	0.00
1603	32500	0.16
1604	27600	0.03
1605	21500	0.00
1606	19300	0.00
1607	19000	0.00
1608	18100	0.58
1609	18000	0.03
1610	16100	0.02
1611	14400	0.03
1612	23800	0.35
1613	20500	0.37
1614	22900	0.96
1615	33800	0.50
1616	52700	0.80
1617	31700	0.01
1618	27700	0.00
1619	25900	0.00
1620	38100	1.06
1621	35900	0.09
1622	37100	0.48
1623	34100	0.11
1624	27000	0.00
1625	21600	0.00
1626	20300	0.00
1627	17200	0.01
1628	17800	0.00
1629	16700	0.00
1630	19700	0.29
1631	17700	0.00
1632	16100	0.26
1633	13800	0.14
1634	12900	0.01
1635	11900	0.01
1636	12000	0.04
1637	11500	0.01
1638	20400	0.71
1639	42400	1.98
1640	72300	0.00
1641	117000	0.68
1642	94000	0.49
1643	66700	0.00
1644	48800	0.00
1645	39600	0.01
1646	31700	0.00
1647	27400	0.03
1648	23100	0.00
1649	20900	0.00
1650	18500	0.00
1651	15700	0.00
1652	14300	0.00
1653	14700	0.39
1654	15800	0.05
1655	29500	0.53
1656	32100	0.06
1657	26100	0.00
1658	24600	0.12
1659	20800	0.00
1660	16600	0.00
1661	15400	0.00
1662	12900	0.00
1663	13400	0.00
1664	16500	0.00
1665	39800	1.53
1666	23100	0.01
1667	16700	0.00
1668	18900	0.00
1669	20400	0.00
1670	16100	0.00
1671	17100	0.17
1672	20800	0.02
1673	19300	0.00
1674	17200	0.00
1675	16200	0.00
1676	11800	0.06
1677	13300	0.65
1678	17000	0.01
1679	15200	0.00
1680	13000	0.05
1681	12000	0.13
1682	11500	0.00
1683	10900	0.00
1684	10800	0.09
1685	8190	0.00
1686	6820	0.00
1687	6280	0.00
1688	5840	0.30
1689	5370	0.00
1690	4680	0.00
1691	5030	0.00
1692	5200	0.00
1693	7810	1.33
1694	8580	1.17
1695	8580	0.00
1696	6540	0.00
1697	5800	0.00
1698	4910	0.03
1699	5220	0.06
1700	5020	0.13
1701	5530	0.28
1702	6100	0.13
1703	10800	0.67
1704	11200	0.06
1705	7650	0.00
1706	9980	0.00
1707	8160	0.38
1708	5310	0.36
1709	5670	0.00
1710	5780	0.10
1711	5540	0.00
1712	4850	0.00
1713	5750	0.00
1714	5430	0.08
1715	5400	0.00
1716	5090	0.00
1717	4620	0.00
1718	5400	0.00
1719	6300	0.86
1720	7370	0.08
1721	6300	0.00
1722	6580	0.00
1723	6230	0.00
1724	5180	0.22
1725	5520	0.00
1726	6400	0.00
1727	6380	0.00
1728	6380	0.16
1729	7450	0.08
1730	7220	0.00
1731	5880	0.00
1732	5630	0.00
1733	9320	1.66
1734	15200	0.19
1735	8640	0.10
1736	12700	0.93
1737	13700	0.00
1738	11000	0.01
1739	11100	0.07
1740	12000	0.00
1741	12100	0.00
1742	10500	0.00
1743	10100	0.00
1744	9340	0.00
1745	8050	0.00
1746	8430	0.36
1747	9000	0.16
1748	8450	0.00
1749	9020	0.00
1750	8070	0.00
1751	9010	0.00
1752	17000	0.67
1753	22600	0.05
1754	29100	0.38
1755	49200	0.60
1756	34800	0.00
1757	27900	0.00
1758	23600	0.00
1759	22800	0.00
1760	21000	0.00
1761	19800	0.00
1762	27700	0.39
1763	56500	1.29
1764	43200	0.00
1765	32600	0.00
1766	26100	0.00
1767	24900	0.56
1768	21300	0.00
1769	20600	0.00
1770	19400	0.00
1771	15700	0.00
1772	17500	0.00
1773	19600	0.11
1774	30300	1.02
1775	24700	0.01
1776	20500	0.00
1777	21300	0.01
1778	27600	0.57
1779	28000	0.08
1780	28200	0.12
1781	27800	0.01
1782	60800	0.47
1783	66300	0.12
1784	51000	0.00
1785	41800	0.08
1786	33000	0.00
1787	23000	0.00
1788	21600	0.00
1789	20600	0.09
1790	18400	0.00
1791	17400	0.00
1792	18200	0.00
1793	16700	0.00
1794	18300	0.00
1795	15600	0.02
1796	17700	0.01
1797	34500	0.43
1798	29200	0.00
1799	23500	0.00
1800	21500	0.01
1801	22500	0.00
1802	22800	0.00
1803	19700	0.00
1804	19300	0.00
1805	19200	0.00
1806	16000	0.00
1807	17100	0.00
1808	16100	0.00
1809	17400	0.02
1810	18400	0.00
1811	17000	0.04
1812	16200	0.00
1813	15800	0.00
1814	15500	0.00
1815	15500	0.00
1816	14700	0.00
1817	14000	0.00
1818	19400	0.73
1819	26300	0.06
1820	23700	0.00
1821	24100	0.57
1822	30900	0.11
1823	26800	0.00
1824	24300	0.00
1825	21300	0.00
1826	18400	0.01
1827	20100	0.20
1828	25500	0.08
1829	23600	0.01
1830	21200	0.00
1831	19900	0.00
1832	24000	0.26
1833	41200	0.01
1834	45200	0.29
1835	56900	0.17
1836	54300	0.01
1837	42600	0.00
1838	36200	0.00
1839	33200	0.02
1840	35900	0.11
1841	37200	0.33
1842	54000	0.53
1843	46200	0.00
1844	34700	0.00
1845	32000	0.01
1846	29100	0.03
1847	24200	0.00
1848	23400	0.02
1849	23600	0.03
1850	22100	0.01
1851	20500	0.00
1852	18000	0.00
1853	16000	0.00
1854	16700	0.06
1855	17600	0.01
1856	17100	0.00
1857	16600	0.00
1858	17000	0.00
1859	16500	0.00
1860	15900	0.15
1861	15100	0.00
1862	14400	0.00
1863	12500	0.00
1864	12100	0.00
1865	11800	0.00
1866	11500	0.00
1867	11500	0.00
1868	10600	0.00
1869	10800	0.00
1870	10900	0.00
1871	11000	0.25
1872	9390	0.99
1873	9580	0.00
1874	10800	0.00
1875	11300	0.00
1876	11000	0.00
1877	10900	0.00
1878	10900	0.00
1879	11600	0.00
1880	9600	0.29
1881	8670	0.04
1882	8330	0.00
1883	7830	0.00
1884	9440	0.09
1885	9640	0.03
1886	9780	0.00
1887	10200	0.53
1888	10500	0.49
1889	11600	0.01
1890	12900	0.00
1891	12000	0.00
1892	11000	0.00
1893	10500	0.00
1894	10200	0.00
1895	10300	0.00
1896	11100	0.07
1897	12100	0.01
1898	13300	0.00
1899	18500	0.00
1900	42600	0.11
1901	62000	0.44
1902	43000	0.70
1903	34300	0.19
1904	29700	0.00
1905	24700	0.01
1906	20700	0.00
1907	20100	0.00
1908	36400	0.06
1909	49200	0.00
1910	52000	0.29
1911	49100	0.01
1912	66200	0.57
1913	75400	0.00
1914	67000	0.00
1915	50100	0.00
1916	41500	0.00
1917	35700	0.00
1918	35100	0.24
1919	35500	0.00
1920	37100	0.00
1921	50200	1.03
1922	40100	0.01
1923	32300	0.00
1924	27300	0.00
1925	24500	0.00
1926	21800	0.00
1927	19800	0.00
1928	20600	0.48
1929	24700	0.45
1930	25500	0.00
1931	24900	0.18
1932	58500	2.74
1933	104000	0.31
1934	80100	0.07
1935	62400	0.00
1936	60600	0.00
1937	55800	0.00
1938	53000	0.00
1939	51700	0.00
1940	55600	0.03
1941	61600	0.00
1942	55200	0.32
1943	48900	0.02
1944	43800	0.00
1945	40800	0.03
1946	37200	0.06
1947	31700	0.05
1948	29100	0.12
1949	30200	0.01
1950	23300	0.00
1951	23500	0.00
1952	22000	0.00
1953	19900	0.00
1954	18100	0.00
1955	15100	0.00
1956	14900	0.00
1957	26100	1.19
1958	24200	0.79
1959	18000	0.00
1960	15500	0.00
1961	15200	0.00
1962	16000	0.64
1963	18800	0.28
1964	16500	0.00
1965	16500	0.00
1966	19800	0.57
1967	24400	0.11
1968	19900	0.00
1969	15500	0.00
1970	11800	0.00
1971	9540	0.00
1972	8030	0.00
1973	8320	0.00
1974	9540	0.68
1975	9420	0.00
1976	8040	0.00
1977	6990	0.00
1978	6980	0.02
1979	7090	0.00
1980	8340	0.00
1981	9750	0.59
1982	13400	0.85
1983	14800	0.22
1984	10800	0.00
1985	8900	0.00
1986	7970	0.00
1987	6860	0.00
1988	6190	0.04
1989	5750	0.06
1990	7420	0.07
1991	6590	0.01
1992	6300	0.00
1993	5640	0.00
1994	5140	0.00
1995	5230	0.00
1996	5080	0.00
1997	5860	0.83
1998	7040	0.05
1999	7760	0.01
2000	4510	0.01
2001	4850	0.00
2002	4920	0.00
2003	4570	0.00
2004	4460	0.00
2005	6250	0.67
2006	3860	0.00
2007	4080	0.00
2008	4550	0.00
2009	4380	0.00
2010	3620	0.00
2011	4170	0.00
2012	4560	0.41
2013	4970	0.01
2014	4880	0.08
2015	4920	0.01
2016	5910	0.00
2017	6220	1.48
2018	6830	0.00
2019	6610	0.48
2020	6230	0.00
2021	4980	0.00
2022	5290	0.00
2023	4970	0.29
2024	4780	0.13
2025	4980	0.63
2026	6350	1.24
2027	9910	0.65
2028	7290	0.03
2029	5940	0.00
2030	5940	0.00
2031	5490	0.41
2032	4440	0.02
2033	4580	0.00
2034	4860	0.00
2035	4760	0.12
2036	4600	0.50
2037	4230	0.00
2038	4060	0.00
2039	4040	0.00
2040	4290	0.00
2041	3870	0.00
2042	4470	0.00
2043	3910	0.00
2044	4700	0.04
2045	4380	0.00
2046	4170	0.53
2047	5350	0.49
2048	5250	0.64
2049	4840	0.34
2050	4370	0.00
2051	4640	0.00
2052	4420	0.00
2053	3830	0.00
2054	3890	0.00
2055	3090	0.00
2056	3650	0.07
2057	3570	0.00
2058	3840	0.00
2059	3820	0.00
2060	3220	0.00
2061	3250	0.00
2062	3540	0.00
2063	4070	0.00
2064	4310	0.10
2065	3920	0.00
2066	3640	0.00
2067	3680	0.00
2068	3290	0.00
2069	3290	0.62
2070	4170	0.00
2071	3160	0.00
2072	3240	0.00
2073	3480	0.00
2074	4280	0.00
2075	3660	0.00
2076	2880	0.00
2077	2970	0.00
2078	3410	0.21
2079	3690	1.18
2080	4280	0.05
2081	5920	0.80
2082	4550	0.00
2083	4530	0.00
2084	4420	0.26
2085	4170	0.01
2086	4020	0.00
2087	4310	0.00
2088	4210	0.00
2089	3840	0.00
2090	4170	0.00
2091	3670	0.00
2092	3710	0.07
2093	3340	0.00
2094	3200	0.00
2095	3550	0.00
2096	3860	0.00
2097	4030	0.03
2098	4220	0.18
2099	4020	0.00
2100	3880	0.00
2101	3400	0.00
2102	3210	0.00
2103	3650	0.00
2104	2880	0.00
2105	3050	0.00
2106	3260	0.51
2107	3420	0.00
2108	3900	0.20
2109	5440	0.36
2110	6170	0.01
2111	5930	0.84
2112	6270	0.11
2113	5400	0.00
2114	5150	0.00
2115	4590	0.00
2116	4370	0.00
2117	4230	0.00
2118	4160	0.00
2119	7530	1.06
2120	8900	0.01
2121	7350	0.00
2122	6460	0.00
2123	13000	0.43
2124	14500	0.03
2125	11300	0.01
2126	12300	0.60
2127	26600	1.34
2128	18400	0.00
2129	11400	0.00
2130	10000	0.00
2131	9260	0.00
2132	8370	0.00
2133	7860	0.00
2134	6150	0.00
2135	6810	0.00
2136	7420	0.17
2137	10200	0.08
2138	10500	0.00
2139	8780	0.00
2140	8080	0.00
2141	6990	0.00
2142	7580	0.00
2143	7950	0.15
2144	7880	0.02
2145	14600	0.72
2146	25100	0.77
2147	21700	0.00
2148	17100	0.00
2149	16400	0.00
2150	16900	0.11
2151	18700	0.23
2152	21000	0.10
2153	19500	0.07
2154	18400	0.00
2155	16600	0.00
2156	18200	0.06
2157	28700	0.57
2158	33600	0.26
2159	26100	0.00
2160	24000	0.01
2161	19200	0.01
2162	17900	0.02
2163	17500	0.66
2164	17700	0.02
2165	20300	0.00
2166	16000	0.00
2167	14600	0.00
2168	13100	0.00
2169	13500	0.00
2170	12700	0.15
2171	11500	0.01
2172	11300	0.31
2173	17600	0.07
2174	16400	0.66
2175	13700	0.01
2176	10900	0.65
2177	10300	0.66
2178	11100	0.00
2179	11600	0.00
2180	11100	0.10
2181	10700	0.02
2182	10500	0.00
2183	11000	0.00
2184	24500	0.50
2185	33100	0.00
2186	26700	0.00
2187	23700	0.00
2188	21700	0.22
2189	19600	0.08
2190	24600	0.01
2191	23800	0.68
2192	20400	0.01
2193	19500	0.16
2194	14600	0.00
2195	13500	0.00
2196	15200	0.00
2197	15800	0.00
2198	16500	0.00
2199	24800	0.00
2200	43500	0.00
2201	49700	0.00
2202	44300	0.15
2203	59700	0.22
2204	46700	0.00
2205	36400	0.08
2206	29800	0.07
2207	26000	0.01
2208	22500	0.00
2209	21300	0.17
2210	20900	0.15
2211	19500	0.00
2212	17100	0.00
2213	15800	0.00
2214	16200	0.00
2215	15700	0.00
2216	14700	0.01
2217	14200	0.00
2218	14000	0.00
2219	13400	0.00
2220	13400	0.00
2221	12900	0.09
2222	14100	0.04
2223	13700	0.00
2224	15800	0.78
2225	16900	0.00
2226	16000	0.00
2227	18900	0.17
2228	37700	0.59
2229	62300	1.03
2230	46900	0.02
2231	36100	0.00
2232	30800	0.09
2233	23800	0.00
2234	20100	0.00
2235	19800	0.39
2236	23300	0.77
2237	25200	0.00
2238	21500	0.00
2239	19400	0.00
2240	24900	0.19
2241	41800	0.04
2242	35300	0.00
2243	27500	0.00
2244	24400	0.01
2245	21800	0.22
2246	19400	0.00
2247	18900	0.00
2248	18100	0.00
2249	17800	0.65
2250	15100	0.03
2251	14700	0.00
2252	13900	0.15
2253	14500	0.01
2254	14200	0.00
2255	15200	0.00
2256	40500	1.88
2257	69800	0.65
2258	46500	0.00
2259	56700	0.46
2260	97000	0.88
2261	67000	0.00
2262	45900	0.00
2263	36700	0.00
2264	31300	0.02
2265	27000	0.00
2266	29200	0.33
2267	33800	0.25
2268	31600	0.00
2269	28000	0.00
2270	26900	0.11
2271	52700	0.89
2272	49100	0.09
2273	38100	0.00
2274	33400	0.00
2275	28600	0.00
2276	26100	0.00
2277	24700	0.00
2278	26000	0.01
2279	25900	0.57
2280	26700	0.09
2281	24200	0.00
2282	24000	0.01
2283	33900	0.25
2284	61700	0.26
2285	47100	0.00
2286	39100	0.00
2287	42600	0.36
2288	41500	0.09
2289	38800	0.00
2290	38700	0.00
2291	38500	0.00
2292	45000	0.00
2293	49100	0.00
2294	50200	0.32
2295	58800	0.20
2296	55700	0.10
2297	46400	0.00
2298	40000	0.00
2299	39000	0.00
2300	40400	0.00
2301	39900	0.00
2302	42700	0.00
2303	43000	0.00
2304	41600	0.00
2305	35800	0.00
2306	29600	0.00
2307	29600	0.00
2308	30700	0.00
2309	29300	0.05
2310	29900	0.15
2311	37200	1.04
2312	40700	0.05
2313	36500	0.00
2314	31800	0.12
2315	29100	0.03
2316	31100	0.51
2317	25500	0.45
2318	20500	0.00
2319	17200	0.00
2320	16000	0.00
2321	16700	0.00
2322	16000	0.00
2323	15500	0.00
2324	14400	0.00
2325	13100	0.00
2326	11400	0.00
2327	11500	0.00
2328	10200	0.00
2329	8480	0.06
2330	8180	0.00
2331	9000	0.10
2332	6560	0.00
2333	7090	0.00
2334	7110	0.11
2335	7690	0.11
2336	6810	0.01
2337	6740	0.00
2338	5640	0.00
2339	5940	0.01
2340	5470	0.00
2341	5600	0.00
2342	5460	0.00
2343	5230	0.00
2344	5670	0.18
2345	5590	0.00
2346	5000	0.00
2347	5280	0.05
2348	5020	0.00
2349	13500	1.42
2350	19300	0.40
2351	10700	0.00
2352	8400	0.01
2353	6980	0.00
2354	7420	0.13
2355	6460	0.00
2356	5750	0.00
2357	5720	0.00
2358	6980	0.35
2359	6370	0.02
2360	5780	1.45
2361	6360	0.06
2362	5640	0.49
2363	5600	0.02
2364	5430	0.16
2365	6020	0.00
2366	7080	0.69
2367	7750	0.02
2368	7480	0.00
2369	6590	0.00
2370	6070	0.05
2371	5480	0.00
2372	7030	0.10
2373	8920	0.09
2374	8520	0.00
2375	5760	0.00
2376	6710	0.00
2377	5860	0.11
2378	5440	0.00
2379	5000	0.00
2380	5420	0.00
2381	4660	0.00
2382	4650	0.06
2383	5480	0.26
2384	4880	0.00
2385	5030	0.00
2386	4470	0.00
2387	10400	1.13
2388	9150	0.00
2389	8210	0.00
2390	5520	0.00
2391	4710	0.00
2392	5370	0.19
2393	5250	0.01
2394	6140	0.77
2395	8490	0.01
2396	16900	0.48
2397	46200	2.63
2398	32400	0.81
2399	21300	0.00
2400	30100	0.36
2401	27800	0.18
2402	20500	0.00
2403	16600	0.00
2404	13100	0.00
2405	11000	0.12
2406	10300	0.00
2407	12300	0.37
2408	10700	0.23
2409	10300	0.00
2410	10100	0.08
2411	10300	0.09
2412	14100	0.05
2413	13400	0.00
2414	12800	0.00
2415	16900	0.02
2416	28000	1.61
2417	20600	0.11
2418	17900	0.32
2419	15900	0.00
2420	15300	0.10
2421	11400	0.00
2422	10200	0.00
2423	10500	0.00
2424	11500	0.00
2425	11900	0.00
2426	12300	0.00
2427	10600	0.00
2428	9280	0.00
2429	8020	0.00
2430	5740	0.00
2431	6850	0.00
2432	6960	0.00
2433	6750	0.00
2434	5980	0.03
2435	5520	0.00
2436	4880	0.00
2437	5180	0.00
2438	4980	0.00
2439	5190	0.00
2440	4720	0.00
2441	5540	0.34
2442	7600	0.91
2443	6550	0.00
2444	6830	0.00
2445	7540	0.84
2446	5720	0.00
2447	5780	0.00
2448	6110	0.39
2449	6730	0.23
2450	7950	0.00
2451	7180	0.00
2452	7030	0.00
2453	6310	0.00
2454	5940	0.00
2455	5850	0.00
2456	5790	0.00
2457	5570	0.00
2458	6000	0.00
2459	4910	0.00
2460	5440	0.00
2461	5290	0.14
2462	6140	0.39
2463	6760	0.05
2464	7100	0.88
2465	6580	0.07
2466	6760	0.33
2467	6840	0.04
2468	6430	0.02
2469	6590	0.00
2470	6200	0.00
2471	5670	0.00
2472	6530	0.13
2473	6050	0.00
2474	6620	0.27
2475	6610	0.05
2476	6170	0.00
2477	6380	0.00
2478	5700	0.00
2479	5610	0.00
2480	5350	0.00
2481	6100	0.01
2482	9440	0.42
2483	8570	0.00
2484	5310	0.00
2485	6870	0.00
2486	6380	0.00
2487	6360	0.13
2488	6250	0.04
2489	6850	0.00
2490	9970	0.00
2491	29600	2.06
2492	25500	0.00
2493	30800	0.29
2494	38100	1.42
2495	26800	0.00
2496	20200	0.00
2497	24200	0.00
2498	21600	0.00
2499	20400	0.00
2500	18000	0.00
2501	17400	0.00
2502	16300	0.00
2503	16700	0.16
2504	17000	0.00
2505	17800	0.01
2506	18100	0.00
2507	15500	0.00
2508	13400	0.04
2509	13900	0.00
2510	14100	0.19
2511	16100	0.01
2512	21200	0.49
2513	25200	0.07
2514	22100	0.00
2515	17400	0.02
2516	16400	0.00
2517	17600	0.00
2518	15200	0.00
2519	13100	0.00
2520	13800	0.00
2521	16600	0.56
2522	19100	0.55
2523	16000	0.00
2524	16500	0.00
2525	17700	0.00
2526	17700	0.00
2527	19800	0.57
2528	23800	0.01
2529	21200	0.00
2530	19300	0.00
2531	17200	0.10
2532	14800	0.00
2533	13100	0.00
2534	12100	0.00
2535	11100	0.00
2536	13900	0.06
2537	26100	0.10
2538	38200	1.92
2539	42300	0.13
2540	29900	0.00
2541	27200	0.00
2542	40000	0.19
2543	38800	0.26
2544	33400	0.07
2545	27400	0.00
2546	21800	0.41
2547	20600	0.05
2548	18800	0.32
2549	19000	0.00
2550	18200	0.01
2551	26600	0.20
2552	34200	0.01
2553	31400	0.10
2554	41700	0.28
2555	50300	0.04
2556	40000	0.02
2557	32600	0.05
2558	22700	0.08
2559	22100	0.00
2560	21600	0.02
2561	20100	0.01
2562	19100	0.07
2563	19800	0.00
2564	18600	0.23
2565	18400	0.50
2566	19100	0.00
2567	17500	0.00
2568	15000	0.42
2569	15000	0.02
2570	16400	0.00
2571	14900	0.00
2572	13700	0.00
2573	12400	0.00
2574	11500	0.00
2575	11800	0.06
2576	11800	0.10
2577	12200	0.00
2578	12500	0.00
2579	12200	0.00
2580	12200	0.00
2581	12000	0.00
2582	11800	0.00
2583	11400	0.00
2584	11400	0.00
2585	11300	0.13
2586	11200	0.68
2587	11400	0.00
2588	11300	0.01
2589	11700	0.00
2590	11200	0.00
2591	10400	0.00
2592	11500	0.00
2593	10900	0.00
2594	11100	0.00
2595	10400	0.00
2596	10100	0.01
2597	10800	0.00
2598	11600	0.00
2599	9950	0.00
2600	11400	0.09
2601	17600	0.00
2602	23300	0.00
2603	20000	0.00
2604	16700	0.00
2605	13900	0.00
2606	12600	0.00
2607	12100	0.35
2608	11300	0.09
2609	10600	0.00
2610	10600	0.00
2611	10200	0.12
2612	9250	0.00
2613	8920	0.00
2614	8640	0.03
2615	9470	0.01
2616	8930	0.04
2617	21200	0.00
2618	19000	0.01
2619	16600	0.01
2620	15700	0.00
2621	14500	0.00
2622	14300	0.00
2623	15800	0.00
2624	34100	0.17
2625	65300	0.05
2626	63000	0.37
2627	52400	0.42
2628	56800	0.06
2629	38900	0.00
2630	31100	0.00
2631	28000	0.00
2632	26300	0.00
2633	25500	0.00
2634	26500	0.00
2635	31600	0.28
2636	35400	0.12
2637	29600	0.00
2638	26000	0.00
2639	23600	0.00
2640	22400	0.00
2641	18800	0.00
2642	20700	0.00
2643	20300	0.20
2644	20600	0.00
2645	24400	0.04
2646	35100	0.43
2647	36800	0.03
2648	33200	0.00
2649	30000	0.05
2650	28300	0.01
2651	38700	0.39
2652	49100	0.00
2653	42000	0.00
2654	36500	0.31
2655	31900	0.03
2656	26800	0.00
2657	23600	0.00
2658	22400	0.07
2659	20100	0.00
2660	20200	0.00
2661	18400	0.00
2662	17200	0.00
2663	17300	0.00
2664	17500	0.00
2665	16700	0.00
2666	16400	0.01
2667	17000	0.05
2668	15100	0.24
2669	15100	0.24
2670	15100	0.05
2671	14900	0.00
2672	15400	0.00
2673	14900	0.00
2674	14000	0.00
2675	15500	0.00
2676	15200	0.00
2677	14000	0.00
2678	11200	0.07
2679	13000	0.05
2680	15300	0.04
2681	16300	0.00
2682	13400	0.00
2683	12500	0.16
2684	13200	0.41
2685	14600	0.40
2686	15000	0.04
2687	18100	0.49
2688	15600	0.00
2689	14800	0.00
2690	14300	0.00
2691	11200	0.00
2692	10900	0.47
2693	10800	0.00
2694	20800	0.45
2695	26200	0.06
2696	23100	0.00
2697	16500	0.00
2698	13200	0.00
2699	14400	0.00
2700	13400	0.00
2701	13000	0.06
2702	11800	0.00
2703	11000	0.00
2704	15600	1.09
2705	20900	0.02
2706	20400	0.81
2707	21900	0.02
2708	18700	0.00
2709	15000	0.01
2710	15100	0.00
2711	15500	0.00
2712	13700	0.00
2713	13300	0.00
2714	9840	0.00
2715	9000	0.00
2716	7010	0.00
2717	9530	0.45
2718	9340	0.48
2719	7460	0.00
2720	11100	0.59
2721	16400	0.32
2722	16600	0.37
2723	15500	0.34
2724	14400	0.48
2725	12200	0.00
2726	16900	0.66
2727	32400	0.64
2728	29800	0.04
2729	25500	0.25
2730	28000	0.08
2731	20800	0.00
2732	18500	0.00
2733	15800	0.12
2734	17300	0.00
2735	16900	0.61
2736	16900	0.07
2737	15400	0.00
2738	14800	0.01
2739	21400	0.35
2740	23100	2.76
2741	21500	0.40
2742	18200	0.06
2743	14100	0.00
2744	14700	0.00
2745	13600	0.08
2746	15500	0.38
2747	12400	0.13
2748	10600	0.00
2749	8080	0.00
2750	10800	0.28
2751	12900	0.07
2752	12100	0.00
2753	11400	0.00
2754	9840	0.01
2755	9570	0.61
2756	10200	0.51
2757	10500	0.02
2758	10300	0.00
2759	10200	0.00
2760	8870	0.34
2761	8260	0.01
2762	8070	0.00
2763	7620	0.19
2764	7310	0.08
2765	7240	0.00
2766	8080	0.00
2767	7190	0.00
2768	22200	1.66
2769	29400	0.01
2770	37400	2.41
2771	25300	0.00
2772	31700	0.17
2773	20900	0.00
2774	18600	0.00
2775	16900	0.00
2776	14600	0.00
2777	14100	0.00
2778	12400	0.00
2779	11800	0.10
2780	11500	0.01
2781	11200	0.00
2782	11900	0.00
2783	11800	0.00
2784	8630	0.00
2785	7640	0.00
2786	8020	0.00
2787	7220	0.00
2788	7860	0.08
2789	6960	0.17
2790	7030	0.00
2791	9740	1.48
2792	15000	0.08
2793	13700	0.31
2794	12000	0.00
2795	8360	0.00
2796	10000	0.00
2797	10600	0.00
2798	15400	0.88
2799	22300	0.30
2800	16100	0.00
2801	14800	0.00
2802	14200	0.00
2803	13300	0.00
2804	11200	0.00
2805	8960	0.00
2806	9760	0.00
2807	9550	0.00
2808	10000	0.00
2809	8540	0.00
2810	8680	0.00
2811	5670	0.00
2812	5640	0.33
2813	6160	0.01
2814	6890	0.00
2815	6680	0.00
2816	5720	0.00
2817	5860	0.00
2818	4890	0.00
2819	6040	0.00
2820	5170	0.00
2821	5270	0.00
2822	4800	0.00
2823	5230	0.00
2824	5180	0.04
2825	5430	0.00
2826	5030	0.00
2827	6480	0.60
2828	10800	0.59
2829	12800	0.01
2830	11400	0.15
2831	11400	0.03
2832	10100	0.01
2833	10500	0.12
2834	12600	0.04
2835	13000	0.00
2836	12600	0.03
2837	12100	0.19
2838	17800	0.09
2839	18300	0.00
2840	15200	0.10
2841	15200	0.01
2842	15400	0.00
2843	15200	0.24
2844	13800	0.01
2845	12000	0.00
2846	10800	0.00
2847	11100	0.00
2848	11000	0.00
2849	9770	0.00
2850	10400	0.00
2851	9360	0.00
2852	9080	0.00
2853	10800	0.00
2854	18300	0.37
2855	43600	1.45
2856	26700	0.00
2857	20800	0.00
2858	25900	0.24
2859	49200	1.03
2860	28500	0.00
2861	22100	0.00
2862	24400	0.22
2863	25800	0.00
2864	21800	0.00
2865	19600	0.01
2866	19200	0.00
2867	17000	0.04
2868	17500	0.00
2869	17500	0.00
2870	17100	0.00
2871	16100	0.00
2872	15700	0.00
2873	15200	0.00
2874	15000	0.00
2875	16100	0.30
2876	19000	0.76
2877	18400	0.01
2878	18100	0.00
2879	16500	0.00
2880	16300	0.00
2881	22300	0.99
2882	26300	0.01
2883	22400	0.00
2884	20800	0.00
2885	19800	0.00
2886	19100	0.00
2887	16900	0.05
2888	16100	0.00
2889	15100	0.00
2890	16900	0.00
2891	15800	0.00
2892	16400	0.01
2893	16500	0.00
2894	22900	0.95
2895	28900	0.01
2896	25200	0.00
2897	21900	0.22
2898	18900	0.00
2899	18800	0.00
2900	18700	0.38
2901	17200	0.50
2902	17800	0.00
2903	17600	0.00
2904	17100	0.00
2905	18300	0.24
2906	19700	0.00
2907	20600	0.01
2908	19500	0.00
2909	16000	0.00
2910	15900	0.00
2911	17000	0.00
2912	15300	0.00
2913	13300	0.00
2914	13300	0.00
2915	12100	0.00
2916	13200	0.00
2917	14200	0.21
2918	17200	0.86
2919	25200	0.17
2920	20600	0.00
2921	14900	0.00
2922	13900	0.00
