0.000000000000000000e+00	-9.441342055695272073e-01
1.000000000000000000e+00	-1.652486977487999109e+00
2.000000000000000000e+00	7.397666459911561576e-01
3.000000000000000000e+00	2.874309689508930399e-02
4.000000000000000000e+00	-1.166260604856517613e+00
5.000000000000000000e+00	1.329610351909446209e+00
6.000000000000000000e+00	-6.116309514570794637e-01
7.000000000000000000e+00	3.713842475516844210e-01
8.000000000000000000e+00	3.947907533688446158e-01
9.000000000000000000e+00	-3.414374262780082159e-01
1.000000000000000000e+01	4.421231293758830505e-01
1.100000000000000000e+01	2.094104714381549506e-02
1.200000000000000000e+01	1.410187172276307299e+00
1.300000000000000000e+01	1.969750945907478012e+00
1.400000000000000000e+01	-9.818484685740825890e-01
1.500000000000000000e+01	-5.707302281785295861e-01
1.600000000000000000e+01	-3.145081885739147709e-01
1.700000000000000000e+01	-4.034973254376651441e-01
1.800000000000000000e+01	-2.032398464324340015e+00
1.900000000000000000e+01	-1.194066822965220487e+00
2.000000000000000000e+01	1.506722227984775175e+00
2.100000000000000000e+01	-7.702882364516027147e-01
2.200000000000000000e+01	-1.202231366533697415e-01
2.300000000000000000e+01	2.815103912144057974e-01
2.400000000000000000e+01	-2.276161541465490934e-01
2.500000000000000000e+01	-1.629487907684428194e+00
2.600000000000000000e+01	-1.552509642461596950e-01
2.700000000000000000e+01	1.467659347817596771e+00
2.800000000000000000e+01	-3.899480439531459730e-01
2.900000000000000000e+01	1.033742752702542234e+00
3.000000000000000000e+01	-1.898070440151859717e-01
3.100000000000000000e+01	1.152630476984443320e+00
3.200000000000000000e+01	-1.318199437398226870e+00
3.300000000000000000e+01	-2.894354579556752682e-01
3.400000000000000000e+01	-5.041664209859466617e-01
3.500000000000000000e+01	-1.789924652696549767e+00
3.600000000000000000e+01	-6.708420320039872875e-01
3.700000000000000000e+01	-1.403431877821861018e-01
3.800000000000000000e+01	3.588235871071986938e-01
3.900000000000000000e+01	-2.166317480586666289e+00
4.000000000000000000e+01	-1.260724695064916689e+00
4.100000000000000000e+01	-1.035611222949274879e+00
4.200000000000000000e+01	-1.096332127831877390e+00
4.300000000000000000e+01	7.339703085250794956e-01
4.400000000000000000e+01	1.749803873404142340e+00
4.500000000000000000e+01	-5.170535476154933807e-01
4.600000000000000000e+01	2.475811119900401258e-01
4.700000000000000000e+01	-2.242396135731609397e-01
4.800000000000000000e+01	4.994520640932012534e-01
4.900000000000000000e+01	1.825277241783547777e-01
5.000000000000000000e+01	4.443643453536835208e-01
5.100000000000000000e+01	1.221319200836997299e+00
5.200000000000000000e+01	9.789322271694240740e-01
5.300000000000000000e+01	2.921645805734552903e-01
5.400000000000000000e+01	3.003950790168979923e-01
5.500000000000000000e+01	1.069942462273654193e-01
5.600000000000000000e+01	1.487224199817472226e+00
5.700000000000000000e+01	7.219214203049830747e-01
5.800000000000000000e+01	2.672752064193414379e-01
5.900000000000000000e+01	-1.123029555451672823e-01
6.000000000000000000e+01	1.000846196562520107e-01
6.100000000000000000e+01	6.901349338641578068e-01
6.200000000000000000e+01	1.510030493709080490e+00
6.300000000000000000e+01	1.232850128847869708e+00
6.400000000000000000e+01	4.426410050358129955e-01
6.500000000000000000e+01	7.748325725532115849e-01
6.600000000000000000e+01	1.261004263656989310e-01
6.700000000000000000e+01	-1.259611936322061032e+00
6.800000000000000000e+01	6.811902154855443703e-01
6.900000000000000000e+01	-4.483151947073275578e-01
7.000000000000000000e+01	1.485311513062105959e+00
7.100000000000000000e+01	-1.016334482420885310e+00
7.200000000000000000e+01	8.092670826526087158e-01
7.300000000000000000e+01	-5.437812963426262580e-02
7.400000000000000000e+01	-2.977620526871483930e-01
7.500000000000000000e+01	7.531019625105413173e-02
7.600000000000000000e+01	3.974435534609808696e-01
7.700000000000000000e+01	3.342453163520753365e-03
7.800000000000000000e+01	7.073670353868375393e-01
7.900000000000000000e+01	1.865531520075934369e+00
8.000000000000000000e+01	-1.242792802003208186e+00
8.100000000000000000e+01	-4.783171446643174063e-01
8.200000000000000000e+01	-1.940857758377939168e+00
8.300000000000000000e+01	3.815513360220520456e-01
8.400000000000000000e+01	-1.395885776340795026e-01
8.500000000000000000e+01	1.894478853733975177e-01
8.600000000000000000e+01	8.593097880344791051e-02
8.700000000000000000e+01	-3.098570435001063994e-01
8.800000000000000000e+01	9.719325332668503625e-01
8.900000000000000000e+01	-1.290787371006586193e-01
9.000000000000000000e+01	9.399275278096453912e-01
9.100000000000000000e+01	6.242756632897020763e-01
9.200000000000000000e+01	1.223670147915522088e+00
9.300000000000000000e+01	-2.124887283479972577e-01
9.400000000000000000e+01	1.700746031088415489e+00
9.500000000000000000e+01	-2.138028919980761444e-01
9.600000000000000000e+01	2.766892801457943585e-01
9.700000000000000000e+01	1.736819802415838845e-02
9.800000000000000000e+01	-8.714248238120612111e-01
9.900000000000000000e+01	8.775396670276081057e-01
1.000000000000000000e+02	-1.534420793441098940e+00
1.010000000000000000e+02	7.951540151901207443e-01
1.020000000000000000e+02	-3.943650594108021323e-01
1.030000000000000000e+02	1.370674703331497213e+00
1.040000000000000000e+02	-2.517939711233805333e-01
1.050000000000000000e+02	-1.086945546200498852e-01
1.060000000000000000e+02	8.500928035085644208e-01
1.070000000000000000e+02	-1.731942066293953753e+00
1.080000000000000000e+02	1.524642758840923262e+00
1.090000000000000000e+02	-3.504794085357020861e-01
1.100000000000000000e+02	7.372137908705196363e-01
1.110000000000000000e+02	-2.770109635286200356e-01
1.120000000000000000e+02	-5.401527053025473313e-01
1.130000000000000000e+02	1.301975987716411209e+00
1.140000000000000000e+02	-2.425988832870602074e+00
1.150000000000000000e+02	4.299501700921408154e-01
1.160000000000000000e+02	2.044575290195066675e+00
1.170000000000000000e+02	8.586675210261959235e-01
1.180000000000000000e+02	-1.985999906253305358e+00
1.190000000000000000e+02	1.252963308405229625e+00
1.200000000000000000e+02	-6.117016183785877192e-01
1.210000000000000000e+02	4.727824559568377105e-01
1.220000000000000000e+02	2.651939725873698750e-01
1.230000000000000000e+02	-2.519366290990082025e+00
1.240000000000000000e+02	-8.906049849334553015e-01
1.250000000000000000e+02	1.923784080543764263e+00
1.260000000000000000e+02	-7.700245295442105231e-01
1.270000000000000000e+02	9.322955239722894305e-01
1.280000000000000000e+02	-1.150332923750314595e+00
1.290000000000000000e+02	-1.625103940876947428e-01
1.300000000000000000e+02	9.462091843306110750e-01
1.310000000000000000e+02	6.079459467449126464e-01
1.320000000000000000e+02	-1.666460859489889978e-01
1.330000000000000000e+02	-1.077853159392762050e+00
1.340000000000000000e+02	7.154796324679671415e-02
1.350000000000000000e+02	-1.511238736102901381e+00
1.360000000000000000e+02	-3.663634200429863874e-01
1.370000000000000000e+02	3.310863383317265707e-01
1.380000000000000000e+02	2.192905481556985059e+00
1.390000000000000000e+02	-2.628966948284987559e+00
1.400000000000000000e+02	-1.760446118221920653e+00
1.410000000000000000e+02	1.594535697386411932e-01
1.420000000000000000e+02	-2.562328813428499941e-01
1.430000000000000000e+02	9.278260150780029969e-01
1.440000000000000000e+02	-6.418495492488491827e-01
1.450000000000000000e+02	1.030422846102278411e+00
1.460000000000000000e+02	-1.215476133675020165e+00
1.470000000000000000e+02	-4.119221500258811175e-01
1.480000000000000000e+02	-9.686635216598545872e-01
1.490000000000000000e+02	2.214589207272497084e+00
1.500000000000000000e+02	-3.862033550216968369e-01
1.510000000000000000e+02	-1.819593004026513361e+00
1.520000000000000000e+02	-7.194741993331693619e-01
1.530000000000000000e+02	1.762297285242525879e-01
1.540000000000000000e+02	-2.490059419561631682e+00
1.550000000000000000e+02	1.045820466205530819e+00
1.560000000000000000e+02	1.515362660241744708e+00
1.570000000000000000e+02	-3.763650049691735777e-01
1.580000000000000000e+02	4.372519162057436071e-01
1.590000000000000000e+02	-8.343562247795829889e-02
1.600000000000000000e+02	1.592378395119684820e+00
1.610000000000000000e+02	1.729666409280891548e+00
1.620000000000000000e+02	6.223820507726595119e-01
1.630000000000000000e+02	5.095065339614690547e-01
1.640000000000000000e+02	4.624037216883407631e-01
1.650000000000000000e+02	-5.859779253351073969e-01
1.660000000000000000e+02	1.879894917202756810e+00
1.670000000000000000e+02	-3.857886644324339670e-02
1.680000000000000000e+02	-1.028912742091108723e-01
1.690000000000000000e+02	-5.437240077245222292e-01
1.700000000000000000e+02	4.448512055977809632e-01
1.710000000000000000e+02	3.304890852591195194e-01
1.720000000000000000e+02	1.350144685420755719e+00
1.730000000000000000e+02	-6.203405345639879664e-01
1.740000000000000000e+02	-4.387876455880431736e-01
1.750000000000000000e+02	2.310702291186143231e+00
1.760000000000000000e+02	-2.395681042270453587e-01
1.770000000000000000e+02	-1.471388915963573130e+00
1.780000000000000000e+02	6.663663491959028740e-01
1.790000000000000000e+02	8.177195026926317167e-01
1.800000000000000000e+02	-1.243850521892098104e-01
1.810000000000000000e+02	9.669726600043776488e-01
1.820000000000000000e+02	-6.081967949113631366e-01
1.830000000000000000e+02	-2.246124156746403810e-01
1.840000000000000000e+02	2.521383137353387482e+00
1.850000000000000000e+02	1.156337876693420474e+00
1.860000000000000000e+02	-3.763722844866209671e-01
1.870000000000000000e+02	-2.585304410319038126e+00
1.880000000000000000e+02	-7.755506832081796587e-01
1.890000000000000000e+02	-9.397185522664581736e-01
1.900000000000000000e+02	-4.008422802752885650e-01
1.910000000000000000e+02	-9.914787955638773020e-01
1.920000000000000000e+02	7.850302782773503907e-01
1.930000000000000000e+02	-2.925133133412986287e-03
1.940000000000000000e+02	8.111240892224602650e-01
1.950000000000000000e+02	-5.822128255140328612e-01
1.960000000000000000e+02	4.664702334879076706e-01
1.970000000000000000e+02	-1.978670243517457461e+00
1.980000000000000000e+02	-2.459554403726622318e-01
1.990000000000000000e+02	-5.583964571548204470e-01
2.000000000000000000e+02	9.574724454055617562e-01
2.010000000000000000e+02	-7.815766976615414752e-01
2.020000000000000000e+02	-1.447574778371128745e-01
2.030000000000000000e+02	1.554995795210765627e-02
2.040000000000000000e+02	2.242333209250630399e-01
2.050000000000000000e+02	3.999196839811350324e-01
2.060000000000000000e+02	-2.823577213780675832e-01
2.070000000000000000e+02	-1.709080887125270509e+00
2.080000000000000000e+02	8.486817671322244294e-01
2.090000000000000000e+02	-7.765032092703110234e-01
2.100000000000000000e+02	6.282061891894699657e-02
2.110000000000000000e+02	1.144043903652500083e+00
2.120000000000000000e+02	-2.534012925527552085e+00
2.130000000000000000e+02	1.128586125619661207e+00
2.140000000000000000e+02	-6.549850771901454261e-01
2.150000000000000000e+02	5.064409959165797614e-01
2.160000000000000000e+02	1.777492565439309447e+00
2.170000000000000000e+02	-2.155672433952244837e-01
2.180000000000000000e+02	2.611832114319840858e+00
2.190000000000000000e+02	1.387073380593364602e+00
2.200000000000000000e+02	3.754840074113877102e-02
2.210000000000000000e+02	-8.560272343433050768e-01
2.220000000000000000e+02	-3.849817139007714606e-01
2.230000000000000000e+02	3.777850160203891083e-01
2.240000000000000000e+02	-2.379431287943834794e-01
2.250000000000000000e+02	1.701932647686360198e-02
2.260000000000000000e+02	5.178306608620524276e-01
2.270000000000000000e+02	-1.501187202306512591e-01
2.280000000000000000e+02	7.537158844546544278e-01
2.290000000000000000e+02	-1.535686197918150753e-01
2.300000000000000000e+02	7.308315950467529909e-01
2.310000000000000000e+02	-9.732040470450330216e-02
2.320000000000000000e+02	3.919733566861544061e-01
2.330000000000000000e+02	3.763400181215728058e-01
2.340000000000000000e+02	-6.637769578409765669e-01
2.350000000000000000e+02	2.700153979467811438e-01
2.360000000000000000e+02	1.102681722774716766e+00
2.370000000000000000e+02	7.331805644502563668e-01
2.380000000000000000e+02	-6.243809485028117834e-02
2.390000000000000000e+02	7.528609175328374592e-01
2.400000000000000000e+02	1.393904032528824333e+00
2.410000000000000000e+02	-1.459234090680089579e+00
2.420000000000000000e+02	7.109110627841386254e-01
2.430000000000000000e+02	-2.158721457554964862e-01
2.440000000000000000e+02	1.397994292280532180e+00
2.450000000000000000e+02	-2.380809692629664021e+00
2.460000000000000000e+02	-6.589751551286160414e-01
2.470000000000000000e+02	-7.142467720145403987e-02
2.480000000000000000e+02	1.459919324846659761e+00
2.490000000000000000e+02	1.390364624761162293e+00
2.500000000000000000e+02	1.545391468308452865e+00
2.510000000000000000e+02	1.187092631460244574e+00
2.520000000000000000e+02	1.243918635332676770e+00
2.530000000000000000e+02	-8.642102510084911371e-01
2.540000000000000000e+02	-2.381278328487527740e-01
2.550000000000000000e+02	9.570665585603884695e-01
2.560000000000000000e+02	6.622439656480338943e-01
2.570000000000000000e+02	-7.762118311878725141e-01
2.580000000000000000e+02	-1.443266916552822243e+00
2.590000000000000000e+02	6.045116471349025744e-01
2.600000000000000000e+02	4.657646084704858969e-01
2.610000000000000000e+02	3.615269680325611801e-01
2.620000000000000000e+02	-4.038757012893436915e-01
2.630000000000000000e+02	1.358786761548016697e+00
2.640000000000000000e+02	1.265423351089565163e+00
2.650000000000000000e+02	4.386232216267898498e-01
2.660000000000000000e+02	-4.686221167514648123e-01
2.670000000000000000e+02	2.247129300199113278e-01
2.680000000000000000e+02	-6.923837142013667956e-01
2.690000000000000000e+02	1.900032280298282084e+00
2.700000000000000000e+02	-1.830420090362298025e-01
2.710000000000000000e+02	-2.409793900486643992e+00
2.720000000000000000e+02	1.436194975252649719e+00
2.730000000000000000e+02	1.776837354693314275e+00
2.740000000000000000e+02	-1.301037819392414363e+00
2.750000000000000000e+02	7.871614670346095410e-01
2.760000000000000000e+02	-9.113206148997181621e-01
2.770000000000000000e+02	6.398602235774889513e-01
2.780000000000000000e+02	1.095115592240422098e-01
2.790000000000000000e+02	-2.569120045804819674e-01
2.800000000000000000e+02	-9.244929248964582902e-01
2.810000000000000000e+02	-2.582345632626446008e-01
2.820000000000000000e+02	-2.203791615682198779e-01
2.830000000000000000e+02	2.883555764836637225e-01
2.840000000000000000e+02	4.620863914475453749e-02
2.850000000000000000e+02	1.804063399668959011e+00
2.860000000000000000e+02	4.533842098473075261e-02
2.870000000000000000e+02	-1.022480795209328663e+00
2.880000000000000000e+02	-9.698123728400831478e-01
2.890000000000000000e+02	4.916141822311838050e-01
2.900000000000000000e+02	-1.196491982307008151e+00
2.910000000000000000e+02	-1.244048499929567342e+00
2.920000000000000000e+02	-1.392278449662544437e+00
2.930000000000000000e+02	1.455295403709045088e+00
2.940000000000000000e+02	-9.829203712443495000e-01
2.950000000000000000e+02	-6.091505081720157699e-01
2.960000000000000000e+02	-5.412580737665664277e-01
2.970000000000000000e+02	5.013212243741625995e-01
2.980000000000000000e+02	9.923053142915631841e-02
2.990000000000000000e+02	2.449710627333893942e-01
3.000000000000000000e+02	-8.967711834694666040e-01
3.010000000000000000e+02	-1.618878697225243801e+00
3.020000000000000000e+02	7.924706800226826164e-01
3.030000000000000000e+02	-5.122752888378085956e-01
3.040000000000000000e+02	4.960646605157313371e-01
3.050000000000000000e+02	2.757683225330497812e-01
3.060000000000000000e+02	-1.252308417287684827e+00
3.070000000000000000e+02	-2.665466961483605179e-01
3.080000000000000000e+02	3.815462064249322549e-01
3.090000000000000000e+02	-1.028998535741505904e+00
3.100000000000000000e+02	-2.104134764916507916e-01
3.110000000000000000e+02	2.164423814808870139e-01
3.120000000000000000e+02	1.899317159304429348e+00
3.130000000000000000e+02	-1.791934143367200249e+00
3.140000000000000000e+02	-2.079309500069480787e+00
3.150000000000000000e+02	2.838426087481221161e-01
3.160000000000000000e+02	5.957363191033430150e-01
3.170000000000000000e+02	-9.710610690972306669e-01
3.180000000000000000e+02	-1.501186457211771963e-01
3.190000000000000000e+02	2.614211337165861515e-01
3.200000000000000000e+02	-6.629868983398798932e-01
3.210000000000000000e+02	-1.192757383667029658e-01
3.220000000000000000e+02	-5.323912440489052544e-01
3.230000000000000000e+02	8.576317317087864267e-02
3.240000000000000000e+02	-2.664940686530773206e+00
3.250000000000000000e+02	-1.017501973375996016e+00
3.260000000000000000e+02	-3.264804041359146702e-01
3.270000000000000000e+02	5.307804539657678955e-01
3.280000000000000000e+02	5.785095643513699093e-01
3.290000000000000000e+02	-1.876756956962196465e+00
3.300000000000000000e+02	-1.009708355863898177e+00
3.310000000000000000e+02	-1.244038851425901537e+00
3.320000000000000000e+02	3.788466329022845969e-01
3.330000000000000000e+02	9.204704721868852690e-01
3.340000000000000000e+02	8.151365341794285235e-02
3.350000000000000000e+02	6.753933099568371068e-01
3.360000000000000000e+02	1.070792226013114634e+00
3.370000000000000000e+02	3.231608672194922205e-01
3.380000000000000000e+02	6.256295747096356497e-01
3.390000000000000000e+02	-7.289147158283049155e-01
3.400000000000000000e+02	-7.320330250399567085e-01
3.410000000000000000e+02	1.167265612465583580e+00
3.420000000000000000e+02	1.759651536807571803e+00
3.430000000000000000e+02	3.321199809742879649e-01
3.440000000000000000e+02	-7.308460012299673458e-01
3.450000000000000000e+02	-9.796892803112014145e-03
3.460000000000000000e+02	-1.034649662157339556e+00
3.470000000000000000e+02	-7.179656387934303385e-01
3.480000000000000000e+02	-9.841432434964484388e-01
3.490000000000000000e+02	-1.183545268923302363e+00
3.500000000000000000e+02	1.070668161804717133e+00
3.510000000000000000e+02	4.888486050860993415e-01
3.520000000000000000e+02	-3.784882390866339263e-01
3.530000000000000000e+02	1.591378038760576485e+00
3.540000000000000000e+02	1.509781711871117649e-01
3.550000000000000000e+02	1.804740834113384707e-01
3.560000000000000000e+02	-4.383244316525242157e-02
3.570000000000000000e+02	1.400182790603378136e+00
3.580000000000000000e+02	1.428626135084227533e+00
3.590000000000000000e+02	1.900798972067287759e-03
3.600000000000000000e+02	-9.294602668691266667e-02
3.610000000000000000e+02	1.134931934196963033e+00
3.620000000000000000e+02	-2.227370610572353832e-02
3.630000000000000000e+02	4.681540734859953035e-01
3.640000000000000000e+02	9.804819788985741358e-01
3.650000000000000000e+02	-5.063703856031115391e-01
3.660000000000000000e+02	1.153713289367835682e+00
3.670000000000000000e+02	-1.139504859618803767e+00
3.680000000000000000e+02	1.245197812135792281e+00
3.690000000000000000e+02	-6.071521099742430705e-01
3.700000000000000000e+02	1.062866436297639439e+00
3.710000000000000000e+02	-6.336997152233869723e-01
3.720000000000000000e+02	1.561286566990492286e+00
3.730000000000000000e+02	-1.697497921848897029e+00
3.740000000000000000e+02	1.497977500687216912e+00
3.750000000000000000e+02	3.685062709823905824e-01
3.760000000000000000e+02	-2.241270834341722515e-02
3.770000000000000000e+02	-2.026977762954676188e-01
3.780000000000000000e+02	-1.789279612402738806e+00
3.790000000000000000e+02	2.891853005513581043e-01
3.800000000000000000e+02	3.423351281796914725e-01
3.810000000000000000e+02	-4.930357342998729075e-01
3.820000000000000000e+02	5.085547008209906350e-01
3.830000000000000000e+02	3.161893300153613418e-02
3.840000000000000000e+02	-1.129091302478274939e+00
3.850000000000000000e+02	4.042504981510906537e-01
3.860000000000000000e+02	4.256666228871494595e-01
3.870000000000000000e+02	2.942306438697562809e-01
3.880000000000000000e+02	7.960019377778929095e-02
3.890000000000000000e+02	-1.562412545186722790e+00
3.900000000000000000e+02	4.506776597380669769e-02
3.910000000000000000e+02	3.313052599969145695e-01
3.920000000000000000e+02	-9.578342087030617957e-01
3.930000000000000000e+02	-6.808919355861798861e-01
3.940000000000000000e+02	5.414083172888528583e-01
3.950000000000000000e+02	6.583886850417833836e-01
3.960000000000000000e+02	7.358107100880293405e-01
3.970000000000000000e+02	1.390553699452741487e-01
3.980000000000000000e+02	-1.431654540828563027e+00
3.990000000000000000e+02	-1.715620207882795123e+00
4.000000000000000000e+02	-2.911762021964179326e-01
4.010000000000000000e+02	-5.866449174975923997e-01
4.020000000000000000e+02	1.488431304825643231e+00
4.030000000000000000e+02	1.470922812345212716e+00
4.040000000000000000e+02	-5.347353495046789154e-03
4.050000000000000000e+02	-4.659889156835408386e-01
4.060000000000000000e+02	3.515890210870240562e-01
4.070000000000000000e+02	5.202667840313472958e-01
4.080000000000000000e+02	9.369304007247656330e-01
4.090000000000000000e+02	-6.599895390455045030e-01
4.100000000000000000e+02	-7.756414664113759905e-01
4.110000000000000000e+02	-1.818620746485887993e-02
4.120000000000000000e+02	-1.598953854271049746e+00
4.130000000000000000e+02	2.316357748468151456e+00
4.140000000000000000e+02	2.248282478406166685e-01
4.150000000000000000e+02	6.527115781600899280e-02
4.160000000000000000e+02	-5.682359039764306452e-01
4.170000000000000000e+02	-2.639910066683829326e-01
4.180000000000000000e+02	-9.702132291102690820e-01
4.190000000000000000e+02	2.840904329567014996e-01
4.200000000000000000e+02	4.361283422613977390e-01
4.210000000000000000e+02	4.762863329212397301e-01
4.220000000000000000e+02	1.876274963557984510e-01
4.230000000000000000e+02	-5.368284593133294536e-01
4.240000000000000000e+02	1.293213391677757063e+00
4.250000000000000000e+02	6.219696581242253330e-01
4.260000000000000000e+02	-1.545161667250698923e+00
4.270000000000000000e+02	-1.280676348761242977e-01
4.280000000000000000e+02	1.057818572033372595e+00
4.290000000000000000e+02	2.780638208170362335e-01
4.300000000000000000e+02	1.212319332107717695e+00
4.310000000000000000e+02	-3.757499858515146729e-02
4.320000000000000000e+02	-2.348713891373186424e-01
4.330000000000000000e+02	-1.122074854093429996e+00
4.340000000000000000e+02	5.351908220406864647e-01
4.350000000000000000e+02	3.540613081181409050e-01
4.360000000000000000e+02	-4.151084792798354628e-01
4.370000000000000000e+02	1.859608090757503829e-01
4.380000000000000000e+02	1.480607360363422664e+00
4.390000000000000000e+02	-8.743980525498173950e-01
4.400000000000000000e+02	-1.484778410766842027e+00
4.410000000000000000e+02	3.379746387494422244e-01
4.420000000000000000e+02	-2.227624812675435204e-02
4.430000000000000000e+02	-5.127140805495881137e-01
4.440000000000000000e+02	2.055485154742260789e+00
4.450000000000000000e+02	1.659596143173416305e+00
4.460000000000000000e+02	3.375788060185029860e-01
4.470000000000000000e+02	-5.299357723463062053e-02
4.480000000000000000e+02	2.959940677362091765e-01
4.490000000000000000e+02	-1.230548445510691452e-01
4.500000000000000000e+02	1.057469367488647616e-01
4.510000000000000000e+02	-1.333833098739673151e+00
4.520000000000000000e+02	4.641148095853681599e-01
4.530000000000000000e+02	-8.290419597411420316e-01
4.540000000000000000e+02	-1.323633334110851933e+00
4.550000000000000000e+02	1.522944679741956131e+00
4.560000000000000000e+02	1.525801292952241983e+00
4.570000000000000000e+02	-1.037601925586691287e+00
4.580000000000000000e+02	-2.980883700143592829e-01
4.590000000000000000e+02	8.899372388928834532e-01
4.600000000000000000e+02	5.399535546676993425e-01
4.610000000000000000e+02	1.447567693414344436e+00
4.620000000000000000e+02	8.469345070882253745e-01
4.630000000000000000e+02	-2.102146514147259226e-01
4.640000000000000000e+02	-1.551818728039537909e+00
4.650000000000000000e+02	6.501465229957027747e-02
4.660000000000000000e+02	4.343719146714116186e-01
4.670000000000000000e+02	-3.412516459421002790e-02
4.680000000000000000e+02	-4.936407100937758446e-02
4.690000000000000000e+02	-1.552323555917619058e-01
4.700000000000000000e+02	1.341236919322698284e+00
4.710000000000000000e+02	1.190194745554788325e+00
4.720000000000000000e+02	-1.911558962677455398e+00
4.730000000000000000e+02	1.281373823086320529e+00
4.740000000000000000e+02	-1.657825117233244772e-01
4.750000000000000000e+02	-2.110036877542444067e+00
4.760000000000000000e+02	-1.774526968473772170e-01
4.770000000000000000e+02	1.387266905997357747e-01
4.780000000000000000e+02	1.113105281987363915e+00
4.790000000000000000e+02	-4.065484047306784920e-01
4.800000000000000000e+02	-4.968827802362920099e-01
4.810000000000000000e+02	5.692236174632734347e-01
4.820000000000000000e+02	9.744018905258836072e-02
4.830000000000000000e+02	1.441853088235881986e+00
4.840000000000000000e+02	1.268698876480565563e+00
4.850000000000000000e+02	1.692021931214757191e-01
4.860000000000000000e+02	2.349127131726009565e-01
4.870000000000000000e+02	-3.726224905946326493e-01
4.880000000000000000e+02	-6.357370173554556247e-01
4.890000000000000000e+02	-2.739882935926743479e-02
4.900000000000000000e+02	-1.474229502859561336e+00
4.910000000000000000e+02	3.328681908441816772e-01
4.920000000000000000e+02	-1.617265244705234029e+00
4.930000000000000000e+02	-9.164107076047993405e-02
4.940000000000000000e+02	-3.396904462337674291e-01
4.950000000000000000e+02	1.429636895048627787e+00
4.960000000000000000e+02	2.592024342865925646e-01
4.970000000000000000e+02	-4.609796586760006032e-01
4.980000000000000000e+02	-1.064398712465239871e+00
4.990000000000000000e+02	1.319928187283853971e+00
5.000000000000000000e+02	6.980123909663114024e-01
5.010000000000000000e+02	3.939411024033241393e-01
5.020000000000000000e+02	2.644173949473691554e-01
5.030000000000000000e+02	-4.281459628651027582e-01
5.040000000000000000e+02	1.705302835072197265e+00
5.050000000000000000e+02	6.101390377658191255e-01
5.060000000000000000e+02	1.297420047849661418e-01
5.070000000000000000e+02	-2.738034919429387926e-01
5.080000000000000000e+02	-4.026235662075176580e-01
5.090000000000000000e+02	-2.351732468288335876e-01
5.100000000000000000e+02	1.379306004272812469e+00
5.110000000000000000e+02	7.111721955943650642e-01
5.120000000000000000e+02	-1.419026015938297691e+00
5.130000000000000000e+02	1.039468983691351489e-01
5.140000000000000000e+02	-1.036101372586178959e+00
5.150000000000000000e+02	1.325063644324872669e+00
5.160000000000000000e+02	3.496297125534494343e-01
5.170000000000000000e+02	2.631687271584193244e-01
5.180000000000000000e+02	1.003953669502551660e-01
5.190000000000000000e+02	-6.317254781582578582e-01
5.200000000000000000e+02	3.752995785759570824e-01
5.210000000000000000e+02	2.921196300553170477e-01
5.220000000000000000e+02	9.334416881054211634e-01
5.230000000000000000e+02	1.075191863721947083e+00
5.240000000000000000e+02	1.097108322833734384e+00
5.250000000000000000e+02	3.760168829370523214e-01
5.260000000000000000e+02	-1.886039051519101895e+00
5.270000000000000000e+02	1.280044307959153027e+00
5.280000000000000000e+02	7.042823014377219693e-02
5.290000000000000000e+02	-1.401683170588556626e+00
5.300000000000000000e+02	-9.987675171511305461e-01
5.310000000000000000e+02	1.464213192477296310e+00
5.320000000000000000e+02	4.062773550335846973e-01
5.330000000000000000e+02	-6.108430504802572214e-01
5.340000000000000000e+02	-1.023605829478727802e+00
5.350000000000000000e+02	6.571731691833220257e-01
5.360000000000000000e+02	7.373402723354430810e-01
5.370000000000000000e+02	3.931788733545655279e-01
5.380000000000000000e+02	1.804571634275996261e-01
5.390000000000000000e+02	-5.201627568346348790e-02
5.400000000000000000e+02	7.486637013599470869e-01
5.410000000000000000e+02	9.157812486111389649e-01
5.420000000000000000e+02	-1.152626562113878261e+00
5.430000000000000000e+02	-1.821442232462787136e-01
5.440000000000000000e+02	1.019646843629926192e+00
5.450000000000000000e+02	2.227587635094560259e+00
5.460000000000000000e+02	-1.627872102362406537e+00
5.470000000000000000e+02	-5.440433386557376461e-02
5.480000000000000000e+02	-1.299263089138915639e+00
5.490000000000000000e+02	1.203538936458251052e-01
5.500000000000000000e+02	1.146307538751538013e+00
5.510000000000000000e+02	5.555498302768736574e-01
5.520000000000000000e+02	1.066026881606865068e-01
5.530000000000000000e+02	-7.548702517811497481e-01
5.540000000000000000e+02	-7.467013974830477574e-01
5.550000000000000000e+02	2.363855865985142191e-01
5.560000000000000000e+02	-9.602532295269419205e-01
5.570000000000000000e+02	-1.710082344878551819e+00
5.580000000000000000e+02	-1.317666298476257047e+00
5.590000000000000000e+02	-6.832955221783528765e-01
5.600000000000000000e+02	2.158302009473081373e+00
5.610000000000000000e+02	6.122991225486077438e-01
5.620000000000000000e+02	1.211851430211820180e+00
5.630000000000000000e+02	-4.720765305570016369e-03
5.640000000000000000e+02	4.276171684486469449e-01
5.650000000000000000e+02	-3.542225373808916555e-01
5.660000000000000000e+02	6.998318438159359944e-01
5.670000000000000000e+02	-1.153740863452314969e+00
5.680000000000000000e+02	-9.178517019480539330e-02
5.690000000000000000e+02	-7.722714825763835611e-01
5.700000000000000000e+02	-7.657528290552151340e-01
5.710000000000000000e+02	2.174173730917093039e-01
5.720000000000000000e+02	1.906698136770583196e-01
5.730000000000000000e+02	-7.933095849218094742e-01
5.740000000000000000e+02	2.015653029232847560e-01
5.750000000000000000e+02	-9.965771841256225727e-01
5.760000000000000000e+02	-3.769013793351531916e-02
5.770000000000000000e+02	2.780999217672474710e+00
5.780000000000000000e+02	-4.447349919173308463e-01
5.790000000000000000e+02	-1.126865839525142077e+00
5.800000000000000000e+02	3.676665949155423774e-01
5.810000000000000000e+02	-2.737155565320312234e-01
5.820000000000000000e+02	-5.779988694313876740e-01
5.830000000000000000e+02	6.244702886551309895e-01
5.840000000000000000e+02	-3.993117990103636772e-01
5.850000000000000000e+02	1.063598772893391775e+00
5.860000000000000000e+02	2.588717038812120286e-02
5.870000000000000000e+02	-1.472644315375248314e-01
5.880000000000000000e+02	-2.488543705815867146e-01
5.890000000000000000e+02	-5.540317798456889653e-01
5.900000000000000000e+02	3.011941647681494749e-01
5.910000000000000000e+02	4.148615630908741303e-01
5.920000000000000000e+02	4.317744750004635645e-01
5.930000000000000000e+02	6.983584982462539559e-01
5.940000000000000000e+02	-2.340199490117030878e-01
5.950000000000000000e+02	-5.238723149108336363e-01
5.960000000000000000e+02	-8.485134724643182691e-02
5.970000000000000000e+02	5.635541204871216125e-01
5.980000000000000000e+02	1.997128537826955708e-01
5.990000000000000000e+02	-2.434304448465295367e-01
6.000000000000000000e+02	-8.366058800763725989e-02
6.010000000000000000e+02	3.305433817692627896e-01
6.020000000000000000e+02	1.734736173393390812e-01
6.030000000000000000e+02	8.784583913536568867e-01
6.040000000000000000e+02	4.272707266903355561e-01
6.050000000000000000e+02	2.344926851207357679e-02
6.060000000000000000e+02	6.939745945898201374e-01
6.070000000000000000e+02	-6.158883251259961167e-01
6.080000000000000000e+02	-4.751156197483181187e-01
6.090000000000000000e+02	-1.074496391198141027e-01
6.100000000000000000e+02	9.568518799840500799e-01
6.110000000000000000e+02	4.340134339419918774e-01
6.120000000000000000e+02	-2.127681593067703991e-01
6.130000000000000000e+02	6.674261400643043407e-01
6.140000000000000000e+02	-3.431459861109149578e-01
6.150000000000000000e+02	2.995203547314951309e-01
6.160000000000000000e+02	-4.231511083640741022e-01
6.170000000000000000e+02	1.344040907006742946e+00
6.180000000000000000e+02	-1.303979602624682155e+00
6.190000000000000000e+02	1.043704871415712665e+00
6.200000000000000000e+02	5.769153171969099159e-01
6.210000000000000000e+02	9.094675737658210191e-02
6.220000000000000000e+02	4.458926264060386613e-01
6.230000000000000000e+02	-4.368385657254167387e-01
6.240000000000000000e+02	1.747414472239352090e+00
6.250000000000000000e+02	-1.398921507797258990e+00
6.260000000000000000e+02	1.141623948224685714e+00
6.270000000000000000e+02	1.076409505661558713e-01
6.280000000000000000e+02	-1.127071298467315907e-01
6.290000000000000000e+02	-1.158748666561452423e-01
6.300000000000000000e+02	-1.447237127215586394e+00
6.310000000000000000e+02	-5.188450947972573363e-02
6.320000000000000000e+02	-9.182445184660656956e-01
6.330000000000000000e+02	-4.656946330005382051e-01
6.340000000000000000e+02	2.617733775960320863e-01
6.350000000000000000e+02	-2.273405198282733242e+00
6.360000000000000000e+02	7.176390354215896883e-01
6.370000000000000000e+02	-1.159041043519217107e+00
6.380000000000000000e+02	1.285746972926516962e+00
6.390000000000000000e+02	8.401648711552690552e-01
6.400000000000000000e+02	-2.183014671403150087e-01
6.410000000000000000e+02	4.245446237620896235e-01
6.420000000000000000e+02	-1.512802794108046300e-01
6.430000000000000000e+02	1.680804044814674159e+00
6.440000000000000000e+02	3.521314801322649596e-02
6.450000000000000000e+02	5.969789766906112849e-01
6.460000000000000000e+02	1.310908738463010259e+00
6.470000000000000000e+02	-7.729325430816682552e-01
6.480000000000000000e+02	-8.870900014290036273e-01
6.490000000000000000e+02	-1.377591368505307168e+00
6.500000000000000000e+02	8.241986105892712411e-01
6.510000000000000000e+02	-4.263038213299974455e-01
6.520000000000000000e+02	1.502732994304634584e+00
6.530000000000000000e+02	2.985410369851125845e-01
6.540000000000000000e+02	8.155705722334382068e-01
6.550000000000000000e+02	-1.144889315390704043e+00
6.560000000000000000e+02	4.964545631789087921e-01
6.570000000000000000e+02	2.217426218140495786e-01
6.580000000000000000e+02	5.132013116730969049e-01
6.590000000000000000e+02	3.722008133110125128e-01
6.600000000000000000e+02	5.512923631787919332e-01
6.610000000000000000e+02	-3.745152540704875244e-01
6.620000000000000000e+02	-1.372033053223435273e+00
6.630000000000000000e+02	-1.161563193776927516e+00
6.640000000000000000e+02	5.920676195874298164e-01
6.650000000000000000e+02	3.452662275646549150e-01
6.660000000000000000e+02	1.065280641460030209e+00
6.670000000000000000e+02	6.775108734270461897e-01
6.680000000000000000e+02	2.916773873251041760e-01
6.690000000000000000e+02	6.723519324551459064e-01
6.700000000000000000e+02	-1.020508917947314131e+00
6.710000000000000000e+02	-1.469575945323114530e+00
6.720000000000000000e+02	-2.070462088488440600e-01
6.730000000000000000e+02	-5.937710236287873089e-01
6.740000000000000000e+02	-4.206102298336021339e-01
6.750000000000000000e+02	2.300822156182216638e+00
6.760000000000000000e+02	-2.602809637901551953e-01
6.770000000000000000e+02	-6.669633631620840164e-02
6.780000000000000000e+02	-2.037717651287012544e+00
6.790000000000000000e+02	1.774393275810719039e+00
6.800000000000000000e+02	3.845005581612859213e-01
6.810000000000000000e+02	-4.898064373995667659e-02
6.820000000000000000e+02	-6.374226785775817250e-01
6.830000000000000000e+02	1.215654242565963328e+00
6.840000000000000000e+02	2.166231025931452336e+00
6.850000000000000000e+02	-1.114074797642006009e+00
6.860000000000000000e+02	1.866349245290020373e-02
6.870000000000000000e+02	8.820343308565392615e-01
6.880000000000000000e+02	-1.587228340870184606e+00
6.890000000000000000e+02	1.290807833444430341e-01
6.900000000000000000e+02	-2.566146342502765298e-01
6.910000000000000000e+02	7.101958619561236086e-01
6.920000000000000000e+02	2.129418482469837837e-01
6.930000000000000000e+02	-1.804956253047508286e+00
6.940000000000000000e+02	-1.369747488235209865e+00
6.950000000000000000e+02	-1.031267524234237953e+00
6.960000000000000000e+02	4.203018522536769441e-01
6.970000000000000000e+02	9.257962922978006937e-01
6.980000000000000000e+02	-7.166098914092565719e-01
6.990000000000000000e+02	-4.629630083806542395e-01
7.000000000000000000e+02	8.047371669545874129e-01
7.010000000000000000e+02	-1.519419602484114451e+00
7.020000000000000000e+02	-1.102755423517541189e+00
7.030000000000000000e+02	1.069971581155129359e+00
7.040000000000000000e+02	3.718694781132815819e-01
7.050000000000000000e+02	2.582836299718729300e-01
7.060000000000000000e+02	6.852638487568349923e-01
7.070000000000000000e+02	9.493380335302996353e-02
7.080000000000000000e+02	-3.619387496067559828e-01
7.090000000000000000e+02	-1.423919498230036496e+00
7.100000000000000000e+02	1.849846203860299743e-01
7.110000000000000000e+02	9.850590660200886362e-01
7.120000000000000000e+02	2.856998802235265478e-01
7.130000000000000000e+02	-7.753782279612843054e-01
7.140000000000000000e+02	-3.709303243738965028e-01
7.150000000000000000e+02	-6.033481057716881812e-01
7.160000000000000000e+02	2.509832931447913973e-01
7.170000000000000000e+02	4.153687514858337981e-01
7.180000000000000000e+02	1.756983029560506004e+00
7.190000000000000000e+02	-1.667924184080022743e+00
7.200000000000000000e+02	-6.383759884438964249e-01
7.210000000000000000e+02	-3.550260864974220665e-01
7.220000000000000000e+02	-1.431595543093300282e+00
7.230000000000000000e+02	1.039083595555117534e-01
7.240000000000000000e+02	5.950714304739614935e-01
7.250000000000000000e+02	1.062924801925813290e+00
7.260000000000000000e+02	-1.876552230772538521e-01
7.270000000000000000e+02	3.131506547628231663e-01
7.280000000000000000e+02	2.010123137188033760e-01
7.290000000000000000e+02	8.219074336264093894e-01
7.300000000000000000e+02	2.878606162357469911e-01
7.310000000000000000e+02	-5.984157788375022990e-01
7.320000000000000000e+02	-1.500376991206400001e+00
7.330000000000000000e+02	-4.659502164155751025e-01
7.340000000000000000e+02	-8.118321188799869637e-01
7.350000000000000000e+02	-7.899705605566809119e-01
7.360000000000000000e+02	-9.098459690605881223e-01
7.370000000000000000e+02	-1.873225771153251618e+00
7.380000000000000000e+02	-9.246522613791907652e-01
7.390000000000000000e+02	-1.250734041689704368e+00
7.400000000000000000e+02	9.811850615798848319e-01
7.410000000000000000e+02	3.133261895924216445e-01
7.420000000000000000e+02	1.385221027446098097e+00
7.430000000000000000e+02	-1.364282408603030849e-01
7.440000000000000000e+02	-9.805761721103150030e-01
7.450000000000000000e+02	-3.523528393000938674e-01
7.460000000000000000e+02	3.085674127430172442e-01
7.470000000000000000e+02	1.198641339732510122e-02
7.480000000000000000e+02	3.881848846230980254e-01
7.490000000000000000e+02	-3.059410587444978402e-01
7.500000000000000000e+02	-7.546017246213888585e-01
7.510000000000000000e+02	2.864148091771798743e-01
7.520000000000000000e+02	-8.763628006915551161e-02
7.530000000000000000e+02	2.318072545950562446e-01
7.540000000000000000e+02	1.588989466882594348e-01
7.550000000000000000e+02	1.068339818712746414e+00
7.560000000000000000e+02	-2.075204001892839933e+00
7.570000000000000000e+02	-2.848399527185499491e-01
7.580000000000000000e+02	-6.465591598820982222e-01
7.590000000000000000e+02	8.389600056268407824e-02
7.600000000000000000e+02	-2.018918167918971607e-01
7.610000000000000000e+02	-2.301159261772847686e-01
7.620000000000000000e+02	-1.605684883996157275e+00
7.630000000000000000e+02	-1.085635858477062149e-01
7.640000000000000000e+02	-8.186694213717119473e-01
7.650000000000000000e+02	1.792260972907694594e+00
7.660000000000000000e+02	-1.604556877758391176e+00
7.670000000000000000e+02	-1.104761402947136206e+00
7.680000000000000000e+02	1.122810722226586400e+00
7.690000000000000000e+02	5.054199238835215269e-01
7.700000000000000000e+02	1.333898329585993803e-01
7.710000000000000000e+02	-1.261489087275709520e-01
7.720000000000000000e+02	-2.543654367413703543e-01
7.730000000000000000e+02	-2.388980710831025978e-01
7.740000000000000000e+02	1.013107326327482571e+00
7.750000000000000000e+02	-1.051068023962519860e+00
7.760000000000000000e+02	-7.953417678717095152e-02
7.770000000000000000e+02	1.608071358470986034e+00
7.780000000000000000e+02	-8.570555894888914894e-02
7.790000000000000000e+02	-8.896132891462308345e-01
7.800000000000000000e+02	-2.371273481237395619e-01
7.810000000000000000e+02	9.013284754766401896e-01
7.820000000000000000e+02	4.721470454863569977e-01
7.830000000000000000e+02	7.051731214027836536e-01
7.840000000000000000e+02	7.288766831832154125e-01
7.850000000000000000e+02	-8.646372605235368436e-01
7.860000000000000000e+02	-1.429166373511732591e+00
7.870000000000000000e+02	-7.321239578807940962e-01
7.880000000000000000e+02	-7.467658007991629932e-01
7.890000000000000000e+02	-9.069523052265048013e-02
7.900000000000000000e+02	-4.545666169011160218e-02
7.910000000000000000e+02	5.517715245673111557e-01
7.920000000000000000e+02	3.026003665423789846e-01
7.930000000000000000e+02	7.794312806264802607e-01
7.940000000000000000e+02	-1.342020883826439137e+00
7.950000000000000000e+02	1.140518026167998578e+00
7.960000000000000000e+02	-1.058999333620059380e+00
7.970000000000000000e+02	6.936754170739393155e-01
7.980000000000000000e+02	8.478401583720051038e-01
7.990000000000000000e+02	5.842352640376895501e-01
8.000000000000000000e+02	-7.797475959925799227e-01
8.010000000000000000e+02	9.791324007987732836e-01
8.020000000000000000e+02	4.080221766957383145e-01
8.030000000000000000e+02	1.866532637966842323e-01
8.040000000000000000e+02	1.038210658938034658e+00
8.050000000000000000e+02	-2.395903593570084811e-01
8.060000000000000000e+02	-2.231021850901371728e+00
8.070000000000000000e+02	-2.618084542990259500e+00
8.080000000000000000e+02	2.434189408184217029e+00
8.090000000000000000e+02	-1.305615172500170784e+00
8.100000000000000000e+02	2.202850103156138051e+00
8.110000000000000000e+02	-1.336574126706413290e+00
8.120000000000000000e+02	9.543045539306491687e-01
8.130000000000000000e+02	4.434274848482714360e-01
8.140000000000000000e+02	-3.008763471959296498e-01
8.150000000000000000e+02	1.381722610495828230e+00
8.160000000000000000e+02	-9.313581075762905614e-02
8.170000000000000000e+02	-1.898884684173819393e+00
8.180000000000000000e+02	-7.157608679226402648e-01
8.190000000000000000e+02	-4.300885273474649440e-01
8.200000000000000000e+02	-1.740099022306317578e-01
8.210000000000000000e+02	1.966869860288815719e+00
8.220000000000000000e+02	4.027949069901011203e-01
8.230000000000000000e+02	1.309764965628811950e+00
8.240000000000000000e+02	-6.235958390336817647e-01
8.250000000000000000e+02	-5.793007569930036516e-01
8.260000000000000000e+02	7.689616605023353868e-01
8.270000000000000000e+02	-2.056043413535256548e+00
8.280000000000000000e+02	-2.703295946318770571e-01
8.290000000000000000e+02	1.920582173843798035e+00
8.300000000000000000e+02	3.888395399141100217e-01
8.310000000000000000e+02	-6.699755101505426857e-01
8.320000000000000000e+02	-8.574596825007619882e-01
8.330000000000000000e+02	1.015804660739297205e+00
8.340000000000000000e+02	-2.764915652472516028e-02
8.350000000000000000e+02	-6.774883789203156592e-01
8.360000000000000000e+02	4.012621304833239311e-01
8.370000000000000000e+02	-1.422115833534256302e+00
8.380000000000000000e+02	-4.801572658097565394e-01
8.390000000000000000e+02	2.215151193012962150e+00
8.400000000000000000e+02	2.123791879854742604e+00
8.410000000000000000e+02	-3.542269437739998250e-01
8.420000000000000000e+02	-6.564827497876003504e-01
8.430000000000000000e+02	-6.333341739545789162e-01
8.440000000000000000e+02	-2.473094465981144907e+00
8.450000000000000000e+02	-1.321522686147446057e+00
8.460000000000000000e+02	-2.395433046569308111e+00
8.470000000000000000e+02	-3.024675135102738999e-02
8.480000000000000000e+02	1.076095918864330425e+00
8.490000000000000000e+02	-9.714245400549936793e-01
8.500000000000000000e+02	2.049292343260513544e-02
8.510000000000000000e+02	8.332364765341134794e-01
8.520000000000000000e+02	6.989702064097877976e-01
8.530000000000000000e+02	1.384757649120780254e+00
8.540000000000000000e+02	1.503017438049362164e-01
8.550000000000000000e+02	-7.642173732517287821e-01
8.560000000000000000e+02	-1.379281377224530480e+00
8.570000000000000000e+02	-1.350547391814447051e+00
8.580000000000000000e+02	-6.000429675120845519e-02
8.590000000000000000e+02	3.551131472711481218e-01
8.600000000000000000e+02	-4.400198180036953843e-01
8.610000000000000000e+02	-9.724082828273118428e-01
8.620000000000000000e+02	4.022578352478562991e-01
8.630000000000000000e+02	2.765243952070012834e-01
8.640000000000000000e+02	-3.509441413577921165e-01
8.650000000000000000e+02	2.545350376570615913e-01
8.660000000000000000e+02	1.912587672362331959e-01
8.670000000000000000e+02	-4.008598771231733915e-01
8.680000000000000000e+02	-6.815222238535058041e-01
8.690000000000000000e+02	8.339854741702307228e-01
8.700000000000000000e+02	3.190246383613331016e-01
8.710000000000000000e+02	-8.780900561846564090e-01
8.720000000000000000e+02	-1.799307221805735768e+00
8.730000000000000000e+02	1.646925678679290961e+00
8.740000000000000000e+02	1.831860459268172869e+00
8.750000000000000000e+02	-2.371056653415290483e-01
8.760000000000000000e+02	1.228005528904508425e+00
8.770000000000000000e+02	1.455675679079197204e-01
8.780000000000000000e+02	8.432035798575915342e-01
8.790000000000000000e+02	8.053115913187400277e-02
8.800000000000000000e+02	1.284975697926766802e+00
8.810000000000000000e+02	-1.621999382055390404e+00
8.820000000000000000e+02	-1.482871156731291551e+00
8.830000000000000000e+02	6.904825400492692333e-01
8.840000000000000000e+02	7.611302794210175193e-01
8.850000000000000000e+02	-3.892277877441109313e-01
8.860000000000000000e+02	-2.030168355508316758e+00
8.870000000000000000e+02	-6.498701481420641191e-01
8.880000000000000000e+02	1.835520637923502507e+00
8.890000000000000000e+02	-4.196131271769699134e-01
8.900000000000000000e+02	3.283366965698454321e-01
8.910000000000000000e+02	1.691517690960009146e+00
8.920000000000000000e+02	6.167620593686590214e-01
8.930000000000000000e+02	-7.621128334534961468e-02
8.940000000000000000e+02	2.713984099439104708e-02
8.950000000000000000e+02	-1.027757515856176473e+00
8.960000000000000000e+02	8.874609817405606504e-01
8.970000000000000000e+02	-3.132834810489073529e-01
8.980000000000000000e+02	5.613934758119961677e-01
8.990000000000000000e+02	1.024276765588841176e+00
9.000000000000000000e+02	2.025592443473776816e-01
9.010000000000000000e+02	2.882364965934897105e-01
9.020000000000000000e+02	-1.414149669016030231e+00
9.030000000000000000e+02	1.401050249330659581e+00
9.040000000000000000e+02	1.598401352058451463e+00
9.050000000000000000e+02	1.077092576684436781e-01
9.060000000000000000e+02	-1.309056038595568072e+00
9.070000000000000000e+02	-1.174516655194184134e+00
9.080000000000000000e+02	7.114528596466350718e-01
9.090000000000000000e+02	-1.363969075242625617e-01
9.100000000000000000e+02	-1.547423123228375719e+00
9.110000000000000000e+02	-1.152685346037306546e+00
9.120000000000000000e+02	7.120742131002794073e-01
9.130000000000000000e+02	1.145353413912899576e+00
9.140000000000000000e+02	8.199428380833241325e-01
9.150000000000000000e+02	-1.126982821266332868e+00
9.160000000000000000e+02	-4.135547651140553671e-01
9.170000000000000000e+02	-1.587188669581192924e-01
9.180000000000000000e+02	-5.768497624193846818e-01
9.190000000000000000e+02	-8.660820803690750802e-01
9.200000000000000000e+02	-3.812602811776839573e-01
9.210000000000000000e+02	6.684448312624750033e-01
9.220000000000000000e+02	-5.168037513385023152e-01
9.230000000000000000e+02	-1.002675386716724570e-01
9.240000000000000000e+02	-6.865718168426460100e-01
9.250000000000000000e+02	-1.029020592259262568e+00
9.260000000000000000e+02	-7.958289185554140444e-01
9.270000000000000000e+02	-9.732355260297748112e-02
9.280000000000000000e+02	-4.749917902457312935e-01
9.290000000000000000e+02	8.137591916948675452e-01
9.300000000000000000e+02	8.313856776946294824e-02
9.310000000000000000e+02	-1.491816437560463893e+00
9.320000000000000000e+02	-1.086127020235140739e+00
9.330000000000000000e+02	1.137859307988673185e+00
9.340000000000000000e+02	-2.574690315900027837e-01
9.350000000000000000e+02	1.517740580265337647e-01
9.360000000000000000e+02	1.171262810070701654e+00
9.370000000000000000e+02	3.147776123598113873e-01
9.380000000000000000e+02	-2.833911288929567007e+00
9.390000000000000000e+02	-8.583109972742974936e-01
9.400000000000000000e+02	-5.234444602005139391e-01
9.410000000000000000e+02	-1.614007063000804543e+00
9.420000000000000000e+02	7.870329374186760263e-02
9.430000000000000000e+02	-6.649455902910199612e-01
9.440000000000000000e+02	-1.012424050198787562e+00
9.450000000000000000e+02	-2.897606251869393450e-03
9.460000000000000000e+02	1.786620679700111625e-01
9.470000000000000000e+02	-1.495588944741924747e-02
9.480000000000000000e+02	-4.232427759151513591e-01
9.490000000000000000e+02	-4.897713928199060596e-01
9.500000000000000000e+02	1.531082631962029872e+00
9.510000000000000000e+02	-1.321107697071468023e-01
9.520000000000000000e+02	1.389015636091764649e-01
9.530000000000000000e+02	5.305955856190847086e-01
9.540000000000000000e+02	4.473706236739486419e-01
9.550000000000000000e+02	3.398660700691313874e-01
9.560000000000000000e+02	2.496998942065287164e+00
9.570000000000000000e+02	-7.353209996401736115e-01
9.580000000000000000e+02	5.816461314867753529e-01
9.590000000000000000e+02	1.144896544057059096e+00
9.600000000000000000e+02	-2.876034467315326637e+00
9.610000000000000000e+02	1.697891211642314491e-01
9.620000000000000000e+02	-1.002808461919480337e-01
9.630000000000000000e+02	-8.478126504321263912e-01
9.640000000000000000e+02	-3.558785022403972431e-01
9.650000000000000000e+02	6.377298642370332615e-01
9.660000000000000000e+02	5.405323779445548871e-01
9.670000000000000000e+02	-1.468726738128603548e+00
9.680000000000000000e+02	-4.104826709046059952e-01
9.690000000000000000e+02	-1.337807717219538395e+00
9.700000000000000000e+02	4.597298585785357106e-01
9.710000000000000000e+02	-1.222778584770103150e+00
9.720000000000000000e+02	1.246134169991543139e+00
9.730000000000000000e+02	6.390535657929717894e-01
9.740000000000000000e+02	-4.747190376327528605e-01
9.750000000000000000e+02	2.458805048545956995e-01
9.760000000000000000e+02	2.773655034696831390e-01
9.770000000000000000e+02	8.422432855501750248e-01
9.780000000000000000e+02	2.509093397253972166e-02
9.790000000000000000e+02	4.865666347787702545e-02
9.800000000000000000e+02	-1.275378909329766053e+00
9.810000000000000000e+02	9.104466578389582843e-01
9.820000000000000000e+02	-3.462588618200262980e-01
9.830000000000000000e+02	7.774388191369843160e-01
9.840000000000000000e+02	-1.277200419706700840e+00
9.850000000000000000e+02	-1.719813361548169217e-01
9.860000000000000000e+02	1.082087468411656372e+00
9.870000000000000000e+02	6.874231369181392770e-01
9.880000000000000000e+02	-9.282746105318129271e-01
9.890000000000000000e+02	2.847392939706252513e-01
9.900000000000000000e+02	-2.217242047793548110e-01
9.910000000000000000e+02	5.509513067375150230e-01
9.920000000000000000e+02	-3.999110673585309361e-01
9.930000000000000000e+02	9.577867426723899458e-01
9.940000000000000000e+02	-1.185376120916545650e+00
9.950000000000000000e+02	6.461962224362383100e-02
9.960000000000000000e+02	-7.817606300384546403e-01
9.970000000000000000e+02	-1.131340120909029912e+00
9.980000000000000000e+02	-2.795223752346084334e-01
9.990000000000000000e+02	-4.567971501247500843e-01
1.000000000000000000e+03	-1.584667527638727522e-03
1.001000000000000000e+03	4.803556093144772388e-01
1.002000000000000000e+03	1.512393090099583448e+00
1.003000000000000000e+03	3.527420198660243256e-01
1.004000000000000000e+03	-1.630378302626020348e+00
1.005000000000000000e+03	-4.485519041800911655e-01
1.006000000000000000e+03	1.419361895491504932e-01
1.007000000000000000e+03	-2.549235941781510251e-01
1.008000000000000000e+03	-8.126897699359727500e-01
1.009000000000000000e+03	-8.704379240373550930e-01
1.010000000000000000e+03	2.446400917427237420e+00
1.011000000000000000e+03	-6.874789772778019947e-02
1.012000000000000000e+03	-4.105250316310394276e-01
1.013000000000000000e+03	-2.498124780654607524e-01
1.014000000000000000e+03	2.054876893111299563e-01
1.015000000000000000e+03	-1.463272716497980575e-01
1.016000000000000000e+03	4.220148446870475301e-01
1.017000000000000000e+03	7.204912972732854248e-01
1.018000000000000000e+03	-4.228203932512633045e-01
1.019000000000000000e+03	-1.284463908165230095e-01
1.020000000000000000e+03	-8.215551832125541631e-01
1.021000000000000000e+03	-1.284962822202943555e-01
1.022000000000000000e+03	2.361619970978149352e-01
1.023000000000000000e+03	-1.072018556893487906e+00
